SNP	CHR	BP
1	1	4040254
2	1	4548117
3	1	8038925
4	1	8885152
5	1	10826970
6	1	10960822
7	1	11526000
8	1	13643091
9	1	14449070
10	1	14510716
11	1	14510717
12	1	16783679
13	1	21471998
14	1	22069480
15	1	23193075
16	1	28794056
17	1	28963154
18	1	28963158
19	1	28963196
20	1	28967409
21	1	28967562
22	1	28967572
23	1	28968040
24	1	29031673
25	1	29032091
26	1	29153729
27	1	29153780
28	1	29153786
29	1	29155639
30	1	29155773
31	1	29191340
32	1	29191349
33	1	29191370
34	1	29197925
35	1	29198585
36	1	29198586
37	1	29198587
38	1	29259638
39	1	29359757
40	1	29359951
41	1	29359982
42	1	29403080
43	1	29403875
44	1	29495055
45	1	29495073
46	1	29521800
47	1	29936999
48	1	30260227
49	1	30263811
50	1	30284200
51	1	30695833
52	1	30762295
53	1	31249715
54	1	31373062
55	1	31373089
56	1	31578974
57	1	31742458
58	1	31747534
59	1	31765358
60	1	31765362
61	1	31765715
62	1	31772887
63	1	31772926
64	1	32009269
65	1	32052805
66	1	32080991
67	1	32753516
68	1	32753552
69	1	33124412
70	1	33160295
71	1	33162680
72	1	33162851
73	1	33162940
74	1	33162958
75	1	33162959
76	1	33162964
77	1	33215037
78	1	33218031
79	1	33218036
80	1	33218046
81	1	33261474
82	1	33290003
83	1	33426151
84	1	33426159
85	1	33676265
86	1	34407816
87	1	34407930
88	1	34407947
89	1	34668138
90	1	34814398
91	1	34941999
92	1	34945212
93	1	34967971
94	1	34967975
95	1	35182974
96	1	35465106
97	1	35576351
98	1	37718012
99	1	37849891
100	1	37849898
101	1	37849901
102	1	38203092
103	1	38203093
104	1	38725049
105	1	38725089
106	1	38725091
107	1	38725092
108	1	39744325
109	1	40093357
110	1	40093379
111	1	40242164
112	1	40398609
113	1	40421613
114	1	40421645
115	1	41084654
116	1	41280578
117	1	41280786
118	1	41426303
119	1	41426327
120	1	41428068
121	1	42018544
122	1	42018546
123	1	42018547
124	1	42018549
125	1	42018561
126	1	42018564
127	1	43054973
128	1	43058609
129	1	43058610
130	1	43111066
131	1	43126226
132	1	43148015
133	1	43148021
134	1	43148025
135	1	43148030
136	1	43148031
137	1	43149244
138	1	43555258
139	1	43555259
140	1	43555260
141	1	43555262
142	1	43686582
143	1	43970100
144	1	44135049
145	1	44170315
146	1	44179509
147	1	44340613
148	1	44356101
149	1	44356107
150	1	44356113
151	1	44356120
152	1	44356133
153	1	46009641
154	1	46125741
155	1	46543124
156	1	46550379
157	1	46550404
158	1	51397172
159	1	51976870
160	1	51976871
161	1	51976884
162	1	51976885
163	1	51976890
164	1	51976894
165	1	51976902
166	1	51976903
167	1	51976904
168	1	51976905
169	1	52045356
170	1	52045357
171	1	52045365
172	1	52083206
173	1	52564620
174	1	52567839
175	1	52922416
176	1	53162953
177	1	53176428
178	1	53176663
179	1	53417567
180	1	53417590
181	1	53635181
182	1	53635186
183	1	53650698
184	1	53683304
185	1	53837705
186	1	53837877
187	1	53840568
188	1	53841253
189	1	53850163
190	1	53993763
191	1	54050986
192	1	54051011
193	1	54190242
194	1	56224216
195	1	56224437
196	1	56307824
197	1	56307833
198	1	57791196
199	1	58451407
200	1	59466659
201	1	59469406
202	1	59577963
203	1	60087187
204	1	60262385
205	1	60806148
206	1	61694705
207	1	63498425
208	1	63608874
209	1	64207027
210	1	64207032
211	1	64207036
212	1	64207072
213	1	65087564
214	1	66973806
215	1	67142007
216	1	67646526
217	1	67646527
218	1	67646528
219	1	67646565
220	1	67646567
221	1	67984854
222	1	67984879
223	1	67984881
224	1	90792391
225	1	91483216
226	1	91504878
227	1	96070644
228	1	96308936
229	1	96309335
230	1	96313552
231	1	96836686
232	1	96836706
233	1	96837299
234	1	97611084
235	1	98761833
236	1	99664558
237	1	99664562
238	1	99664607
239	1	99664610
240	1	99664611
241	1	103311422
242	1	107106824
243	1	107106854
244	1	107106920
245	1	107106959
246	1	108264268
247	1	110164034
248	1	113695218
249	1	113695250
250	1	114078606
251	1	115012231
252	1	116044526
253	1	118458260
254	1	119091820
255	1	119142697
256	1	119142699
257	1	119142700
258	1	119142702
259	1	119142703
260	1	119142706
261	1	119142715
262	1	119142729
263	1	119669163
264	1	119696752
265	1	120247314
266	1	120849038
267	1	120849040
268	1	121040196
269	1	122666995
270	1	122667001
271	1	123756236
272	1	123862175
273	1	124012740
274	1	124052043
275	1	124138960
276	1	124138977
277	1	124138978
278	1	124138983
279	1	124683189
280	1	131254644
281	1	150866251
282	1	153747374
283	1	155626911
284	1	155677012
285	1	155891405
286	1	155891411
287	1	156105579
288	1	156105608
289	1	157239688
290	1	161227961
291	1	161227976
292	1	161227978
293	1	161779745
294	1	161779777
295	1	161779781
296	1	162266591
297	1	162466270
298	1	170309790
299	1	175645069
300	1	182793044
301	1	195767119
302	1	206317411
303	1	206338666
304	1	212902029
305	1	212980260
306	1	214902211
307	1	214902218
308	1	214925951
309	1	214925959
310	1	214925979
311	1	214926663
312	1	214926679
313	1	214992874
314	1	214992883
315	1	214992911
316	1	214992918
317	1	214993355
318	1	214993366
319	1	215530382
320	1	215530402
321	1	215606525
322	1	216162517
323	1	216581013
324	1	216875563
325	1	216875564
326	1	216932225
327	1	217021959
328	1	217029237
329	1	217029314
330	1	217059077
331	1	217131952
332	1	217452220
333	1	217780437
334	1	218772745
335	1	219064706
336	1	219064968
337	1	219371526
338	1	219975965
339	1	219976128
340	1	219976155
341	1	220007446
342	1	220007631
343	1	220007641
344	1	220095770
345	1	220788080
346	1	220788117
347	1	222794706
348	1	223566127
349	1	225876695
350	1	226922938
351	1	227535416
352	1	229613070
353	1	230957070
354	1	231279283
355	1	232514040
356	1	232514051
357	1	232514054
358	1	234122525
359	1	234122527
360	1	234262445
361	1	239612480
362	1	239998391
363	1	241507094
364	1	249419690
365	1	251995265
366	1	253719150
367	1	255089284
368	1	255089333
369	1	268610186
370	1	268610210
371	1	268610397
372	1	268610431
373	1	268812860
374	1	268948969
375	1	268948971
376	1	268948972
377	1	268948974
378	1	268948981
379	1	268955543
380	1	268957678
381	1	268957686
382	1	269023610
383	1	269023923
384	1	269037990
385	1	269038015
386	1	269038035
387	1	269081322
388	1	269107609
389	1	269121335
390	1	269322136
391	1	269324085
392	1	269326706
393	1	270671123
394	1	270837729
395	1	270837759
396	1	271314862
397	1	271314875
398	1	271321696
399	1	271334845
400	1	271334864
401	1	271334865
402	1	271912219
403	1	271972188
404	1	272838907
405	1	272838933
406	1	272838949
407	1	272838953
408	1	273100824
409	1	273100835
410	1	273101092
411	1	274735610
412	1	275768594
413	1	275768603
414	1	275768609
415	1	275776840
416	1	275776857
417	1	275977201
418	1	275984578
419	1	276072132
420	1	276072158
421	1	276072159
422	1	276072163
423	1	276700362
424	1	276981594
425	1	276988638
426	1	276991552
427	1	277385159
428	1	277497694
429	1	277497714
430	1	277585449
431	1	277636303
432	1	277636305
433	1	277636307
434	1	277636308
435	1	277844443
436	1	277844454
437	1	277844468
438	1	278041145
439	1	278041176
440	1	278093171
441	1	278353085
442	1	278373267
443	1	278451721
444	1	278451722
445	1	278451745
446	1	278605255
447	1	278605471
448	1	279122649
449	1	279122652
450	1	279122653
451	1	279122655
452	1	279122682
453	1	279123901
454	1	279123902
455	1	279559211
456	1	279775779
457	1	279775785
458	1	279897633
459	1	279898549
460	1	279913618
461	1	279915784
462	1	280090183
463	1	280209524
464	1	280209658
465	1	280381987
466	1	280468647
467	1	280468648
468	1	280468649
469	1	280468651
470	1	280579387
471	1	281700851
472	1	281700858
473	1	281700866
474	1	281700874
475	1	281700890
476	1	281700934
477	1	281700935
478	1	281706929
479	1	284500666
480	1	284504632
481	1	285523037
482	1	285964807
483	1	285964824
484	1	285964899
485	1	285964902
486	1	285964903
487	1	285965600
488	1	285971635
489	1	285971683
490	1	285972626
491	1	285981367
492	1	286021793
493	1	286021799
494	1	286021809
495	1	286021814
496	1	286187118
497	1	286187136
498	1	286327252
499	1	286327270
500	1	286327577
501	1	286451072
502	1	286451786
503	1	286453013
504	1	286453345
505	1	286455568
506	1	286667527
507	1	286852297
508	1	286853593
509	1	286853971
510	1	286853978
511	1	286854009
512	1	287488871
513	1	287820745
514	1	287984277
515	1	288013115
516	1	288696471
517	1	288696516
518	1	288697529
519	1	288759803
520	1	289337192
521	1	289520851
522	1	289520856
523	1	289520861
524	1	289566288
525	1	289566346
526	1	289568274
527	1	289568279
528	1	289574076
529	1	289574123
530	1	290110155
531	1	290121117
532	1	290229067
533	1	290231279
534	1	290285720
535	1	290295637
536	1	290295646
537	1	290307528
538	1	293410544
539	1	293410568
540	1	294813082
541	1	297750325
542	2	12197746
543	2	12197794
544	2	12355192
545	2	12355194
546	2	12357230
547	2	15482198
548	2	21597494
549	2	22610689
550	2	22610699
551	2	22971564
552	2	22971566
553	2	22971591
554	2	22972190
555	2	22972191
556	2	22972193
557	2	22972197
558	2	22972204
559	2	22972374
560	2	22987312
561	2	22999364
562	2	23316184
563	2	23316186
564	2	23317496
565	2	23547552
566	2	23547599
567	2	23547607
568	2	23669567
569	2	23669587
570	2	23887586
571	2	23887596
572	2	24011000
573	2	24031695
574	2	24031715
575	2	24558700
576	2	24806379
577	2	24807348
578	2	24811764
579	2	24811773
580	2	24811785
581	2	25384509
582	2	25747245
583	2	26718967
584	2	27566438
585	2	28143024
586	2	28143217
587	2	28651319
588	2	28671157
589	2	28671212
590	2	28672359
591	2	28672361
592	2	28672362
593	2	28672365
594	2	28672375
595	2	28672376
596	2	28673091
597	2	28673102
598	2	29876443
599	2	29876770
600	2	30330275
601	2	30330298
602	2	30330300
603	2	30341558
604	2	30361849
605	2	31146680
606	2	31292847
607	2	31292848
608	2	31827492
609	2	31827493
610	2	31827494
611	2	32951375
612	2	33032157
613	2	33344946
614	2	33618273
615	2	33731607
616	2	33731613
617	2	33760151
618	2	33781036
619	2	33781069
620	2	33781076
621	2	33836034
622	2	34007544
623	2	34924744
624	2	34924764
625	2	35271933
626	2	35271952
627	2	37415649
628	2	37554794
629	2	37572778
630	2	37572796
631	2	38017531
632	2	38017532
633	2	38017548
634	2	42367419
635	2	42367427
636	2	42367456
637	2	44040671
638	2	44040992
639	2	44200063
640	2	44200097
641	2	45203570
642	2	45203580
643	2	45204257
644	2	45767396
645	2	52601777
646	2	52659677
647	2	52659678
648	2	52659698
649	2	52683494
650	2	52821837
651	2	53055530
652	2	53219855
653	2	53220964
654	2	53329791
655	2	53329881
656	2	53329892
657	2	53329903
658	2	53763317
659	2	54040307
660	2	54041165
661	2	54088021
662	2	54090220
663	2	54090227
664	2	54090228
665	2	54090229
666	2	54090231
667	2	54090232
668	2	54090234
669	2	54260632
670	2	54260639
671	2	54260663
672	2	54260681
673	2	54360776
674	2	54360894
675	2	54360904
676	2	58756585
677	2	59361110
678	2	59634752
679	2	59634756
680	2	59634760
681	2	59634762
682	2	59634763
683	2	59634767
684	2	59710413
685	2	59729253
686	2	59729302
687	2	59729611
688	2	59800080
689	2	59802416
690	2	59802466
691	2	60077113
692	2	60077118
693	2	60077129
694	2	60273238
695	2	60273418
696	2	60505770
697	2	60505779
698	2	60505780
699	2	60505783
700	2	60506958
701	2	60506977
702	2	60528846
703	2	60528854
704	2	60529006
705	2	60529049
706	2	60529389
707	2	60529398
708	2	60529563
709	2	60529572
710	2	60531962
711	2	60654743
712	2	60654753
713	2	60654766
714	2	60656450
715	2	60656457
716	2	60656541
717	2	60656543
718	2	60656544
719	2	60656591
720	2	60665716
721	2	60665719
722	2	60769962
723	2	61492171
724	2	61853534
725	2	62063542
726	2	62727643
727	2	62727648
728	2	62764584
729	2	62989199
730	2	62989584
731	2	62989590
732	2	62989622
733	2	63752036
734	2	64392603
735	2	64392611
736	2	64395082
737	2	64932099
738	2	64933128
739	2	65134561
740	2	65134966
741	2	65135008
742	2	65135501
743	2	65135761
744	2	65135765
745	2	66310317
746	2	66625426
747	2	66628864
748	2	66794811
749	2	66991559
750	2	67260045
751	2	68291070
752	2	68600973
753	2	68601016
754	2	68601272
755	2	69179497
756	2	69179529
757	2	69181370
758	2	69181377
759	2	69705399
760	2	69707747
761	2	69709262
762	2	69913650
763	2	69913665
764	2	71605699
765	2	71605713
766	2	72208703
767	2	78443610
768	2	78500359
769	2	78501376
770	2	79283062
771	2	79283067
772	2	79703561
773	2	79851119
774	2	80447605
775	2	81644921
776	2	83795737
777	2	86654422
778	2	86790158
779	2	87042014
780	2	87042251
781	2	87042252
782	2	87042256
783	2	87699179
784	2	87699181
785	2	87699183
786	2	87699184
787	2	87798358
788	2	87798365
789	2	87798387
790	2	88057995
791	2	88059132
792	2	88059140
793	2	88059167
794	2	89889712
795	2	90171941
796	2	90171946
797	2	90174566
798	2	90309693
799	2	92165492
800	2	92165495
801	2	93951126
802	2	93951154
803	2	96565062
804	2	98952665
805	2	104294491
806	2	104294494
807	2	104294495
808	2	105162531
809	2	105162532
810	2	105162543
811	2	109200754
812	2	109574817
813	2	109574843
814	2	109575086
815	2	109575258
816	2	109575281
817	2	110425939
818	2	110824972
819	2	110824974
820	2	114764990
821	2	114764992
822	2	114782743
823	2	116699139
824	2	120153846
825	2	120153862
826	2	120178286
827	2	120178289
828	2	120178303
829	2	120658904
830	2	120658924
831	2	120658931
832	2	120761061
833	2	120806056
834	2	120806490
835	2	121522892
836	2	121522916
837	2	121812396
838	2	121812401
839	2	121812437
840	2	122183470
841	2	122230894
842	2	122252724
843	2	122955775
844	2	124066023
845	2	124069244
846	2	124410095
847	2	128278114
848	2	128571047
849	2	135958023
850	2	136565748
851	2	136565764
852	2	136565778
853	2	136666671
854	2	136666704
855	2	136666707
856	2	140060029
857	2	140971214
858	2	141160072
859	2	141342007
860	2	141342013
861	2	141535370
862	2	141535371
863	2	141535373
864	2	141535375
865	2	141535378
866	2	141535379
867	2	141535380
868	2	142672083
869	2	143268862
870	2	143486221
871	2	143486383
872	2	143673472
873	2	143673474
874	2	144047773
875	2	144047790
876	2	144478764
877	2	144630530
878	2	144630539
879	2	144637636
880	2	144720999
881	2	144721002
882	2	144831831
883	2	144985326
884	2	144985355
885	2	144986985
886	2	146053300
887	2	146053316
888	2	149523377
889	2	149786062
890	2	150028982
891	2	150624657
892	2	150624701
893	2	150797123
894	2	150797125
895	2	150797128
896	2	150797129
897	2	150797130
898	2	150797132
899	2	150802889
900	2	150826167
901	2	153096916
902	2	153149862
903	2	153149866
904	2	153149868
905	2	153149869
906	2	153942295
907	2	153942297
908	2	153942298
909	2	153942299
910	2	153951449
911	2	153951465
912	2	153951727
913	2	153966836
914	2	153967010
915	2	153967103
916	2	161198106
917	2	161299506
918	2	164978100
919	2	165103588
920	2	165103606
921	2	165104902
922	2	165833070
923	2	165833078
924	2	165833100
925	2	167418090
926	2	168068543
927	2	168917670
928	2	168917673
929	2	168917674
930	2	168917704
931	2	168923166
932	2	168935382
933	2	168935385
934	2	168935400
935	2	168935542
936	2	169311288
937	2	170621088
938	2	170621093
939	2	170621094
940	2	170621095
941	2	170621106
942	2	170634988
943	2	170918300
944	2	170918322
945	2	172259009
946	2	172492068
947	2	172492203
948	2	173198310
949	2	173416753
950	2	173416767
951	2	173567227
952	2	173567255
953	2	173567270
954	2	173567272
955	2	173642052
956	2	173642080
957	2	173642093
958	2	173642119
959	2	173776412
960	2	174294157
961	2	174469834
962	2	174469938
963	2	174565951
964	2	175086021
965	2	175491684
966	2	175580974
967	2	175580988
968	2	175580997
969	2	175581002
970	2	175956978
971	2	176076291
972	2	176083016
973	2	176241695
974	2	176241875
975	2	176241886
976	2	176241913
977	2	176243568
978	2	176243575
979	2	176916948
980	2	177241030
981	2	177859205
982	2	177896806
983	2	178022216
984	2	178022217
985	2	178081451
986	2	178081454
987	2	178081462
988	2	178386750
989	2	178877026
990	2	178877027
991	2	178881316
992	2	178882022
993	2	178882043
994	2	179460913
995	2	179460915
996	2	180452632
997	2	181884484
998	2	181974040
999	2	181974073
1000	2	182174712
1001	2	182256971
1002	2	182256991
1003	2	182257164
1004	2	182623965
1005	2	182642219
1006	2	182826591
1007	2	183105525
1008	2	183402961
1009	2	183933033
1010	2	183933088
1011	2	183941676
1012	2	183941767
1013	2	184001140
1014	2	184001170
1015	2	184106290
1016	2	184178562
1017	2	184758570
1018	2	184758579
1019	2	184762993
1020	2	184763005
1021	2	184763260
1022	2	185016433
1023	2	185016460
1024	2	185016604
1025	2	185174325
1026	2	185174335
1027	2	185174336
1028	2	185176844
1029	2	185176899
1030	2	185387397
1031	2	185600202
1032	2	185600242
1033	2	186186144
1034	2	186186176
1035	2	186312045
1036	2	186312299
1037	2	186312304
1038	2	186312310
1039	2	186639470
1040	2	186639475
1041	2	186639863
1042	2	186640763
1043	2	186640814
1044	2	186820443
1045	2	186854026
1046	2	186898579
1047	2	186898592
1048	2	186898624
1049	2	187055271
1050	2	187055287
1051	2	187278813
1052	2	187278818
1053	2	187443598
1054	2	187443600
1055	2	188158339
1056	2	188161669
1057	2	188414916
1058	2	188793764
1059	2	188872757
1060	2	188873476
1061	2	188873521
1062	2	188873635
1063	2	188900229
1064	2	188937275
1065	2	188937317
1066	2	189082272
1067	2	189134363
1068	2	189134370
1069	2	189134991
1070	2	189186871
1071	2	189186876
1072	2	189219641
1073	2	189219650
1074	2	189490212
1075	2	189555793
1076	2	189579989
1077	2	189580456
1078	2	189721410
1079	2	189722408
1080	2	189722445
1081	2	189722450
1082	2	189821280
1083	2	192598937
1084	2	192598964
1085	2	198717770
1086	2	203766173
1087	2	206490142
1088	2	207040885
1089	2	212517438
1090	2	212545875
1091	2	212545901
1092	2	212545925
1093	2	212744524
1094	2	213214013
1095	2	213214043
1096	2	213307773
1097	2	213310646
1098	2	213595835
1099	2	213595859
1100	2	213595941
1101	2	213660334
1102	2	213848803
1103	2	214659924
1104	2	214952039
1105	2	215016100
1106	2	215016125
1107	2	215016132
1108	2	215089866
1109	2	216028849
1110	2	216028850
1111	2	216028888
1112	2	216615215
1113	2	216632590
1114	2	216632692
1115	2	216684199
1116	2	216821562
1117	2	217227633
1118	2	217227645
1119	2	217227711
1120	2	217848924
1121	2	218364328
1122	2	218843386
1123	2	218843390
1124	2	218843391
1125	2	218843394
1126	2	218843395
1127	2	218843398
1128	2	219018773
1129	2	219118142
1130	2	219118143
1131	2	219118145
1132	2	219118146
1133	2	219118147
1134	2	219328996
1135	2	220002615
1136	2	220469218
1137	2	222707737
1138	2	222707746
1139	2	222731086
1140	2	222731340
1141	2	222967585
1142	2	222967588
1143	2	223977162
1144	2	224111653
1145	2	225159960
1146	2	225159972
1147	2	226378239
1148	2	226393622
1149	2	232180479
1150	2	234042736
1151	2	235348205
1152	2	235805506
1153	2	236049547
1154	2	236244231
1155	2	236244270
1156	2	236244273
1157	2	236244282
1158	2	236244285
1159	2	236670838
1160	3	1103806
1161	3	1103819
1162	3	1482036
1163	3	1690494
1164	3	1690531
1165	3	1724169
1166	3	1976364
1167	3	1976834
1168	3	2084261
1169	3	2127491
1170	3	2127492
1171	3	2127493
1172	3	2127513
1173	3	2127517
1174	3	2127518
1175	3	2127560
1176	3	2127561
1177	3	2139012
1178	3	2139038
1179	3	2218394
1180	3	2608810
1181	3	2609022
1182	3	2610184
1183	3	2743657
1184	3	2769250
1185	3	2769437
1186	3	2812301
1187	3	2812316
1188	3	2812322
1189	3	2812329
1190	3	2881649
1191	3	2948238
1192	3	3112002
1193	3	3224468
1194	3	3429034
1195	3	3429087
1196	3	3432766
1197	3	3432771
1198	3	3432800
1199	3	3432805
1200	3	3479300
1201	3	3525847
1202	3	3525851
1203	3	3698605
1204	3	3699165
1205	3	3836399
1206	3	3986995
1207	3	3994874
1208	3	4063098
1209	3	4063100
1210	3	4147139
1211	3	4148321
1212	3	4150258
1213	3	4150769
1214	3	4151279
1215	3	4163048
1216	3	4163057
1217	3	4163074
1218	3	4189449
1219	3	4189599
1220	3	4337543
1221	3	4337545
1222	3	4660903
1223	3	4712535
1224	3	4835373
1225	3	4835467
1226	3	4862234
1227	3	4862853
1228	3	5823915
1229	3	5823917
1230	3	5823919
1231	3	5823921
1232	3	5823922
1233	3	5823924
1234	3	5823928
1235	3	5823929
1236	3	5823957
1237	3	5823968
1238	3	5846437
1239	3	5849808
1240	3	5885087
1241	3	5947388
1242	3	5958011
1243	3	5958015
1244	3	5983367
1245	3	5988731
1246	3	5988830
1247	3	5988833
1248	3	5992945
1249	3	5992973
1250	3	5992974
1251	3	5993016
1252	3	6001198
1253	3	6001234
1254	3	6098394
1255	3	6103542
1256	3	6103547
1257	3	6103588
1258	3	6294326
1259	3	6295147
1260	3	6301050
1261	3	6432451
1262	3	6432494
1263	3	6435185
1264	3	6435209
1265	3	6435229
1266	3	6435241
1267	3	6435249
1268	3	6435463
1269	3	6437114
1270	3	6437130
1271	3	6437131
1272	3	6437132
1273	3	6437136
1274	3	6519026
1275	3	6519059
1276	3	6585243
1277	3	6660924
1278	3	6676940
1279	3	6681775
1280	3	6681820
1281	3	6687413
1282	3	6739315
1283	3	6930921
1284	3	6930954
1285	3	6945761
1286	3	6945816
1287	3	6958278
1288	3	6968571
1289	3	6968595
1290	3	7080524
1291	3	7120265
1292	3	8219080
1293	3	8219082
1294	3	8219084
1295	3	8219085
1296	3	8219087
1297	3	8219190
1298	3	8219191
1299	3	8219192
1300	3	8219215
1301	3	9065329
1302	3	9065355
1303	3	9112387
1304	3	9112390
1305	3	9451129
1306	3	9451313
1307	3	9451345
1308	3	9460408
1309	3	9935740
1310	3	10273539
1311	3	10555791
1312	3	10939373
1313	3	10939374
1314	3	11032248
1315	3	11210103
1316	3	11212287
1317	3	11221419
1318	3	11534341
1319	3	11534347
1320	3	12031234
1321	3	12136597
1322	3	12193826
1323	3	12284532
1324	3	12284533
1325	3	12284551
1326	3	12284552
1327	3	12284553
1328	3	12284554
1329	3	12287912
1330	3	12287916
1331	3	12295665
1332	3	12295666
1333	3	12295668
1334	3	12295669
1335	3	12295670
1336	3	12295672
1337	3	12295673
1338	3	12295674
1339	3	12295681
1340	3	12295692
1341	3	12413961
1342	3	12426539
1343	3	12526147
1344	3	13503538
1345	3	13503539
1346	3	13503541
1347	3	13503543
1348	3	13503553
1349	3	13503554
1350	3	13503559
1351	3	13503583
1352	3	13503585
1353	3	13541003
1354	3	13541243
1355	3	13726166
1356	3	13726171
1357	3	13726207
1358	3	13726487
1359	3	13769969
1360	3	13769972
1361	3	13769976
1362	3	13769979
1363	3	13769980
1364	3	13770009
1365	3	13872463
1366	3	13872467
1367	3	17829832
1368	3	17829834
1369	3	17829836
1370	3	17829838
1371	3	17829840
1372	3	17829842
1373	3	17831696
1374	3	17925295
1375	3	17925296
1376	3	18014771
1377	3	18219889
1378	3	18219906
1379	3	18260185
1380	3	18260203
1381	3	18434667
1382	3	18434705
1383	3	18622563
1384	3	18969961
1385	3	18969966
1386	3	18995220
1387	3	18999963
1388	3	19165192
1389	3	19165225
1390	3	19166458
1391	3	19166678
1392	3	19260106
1393	3	19260111
1394	3	19260115
1395	3	19260506
1396	3	19422213
1397	3	19439881
1398	3	19451593
1399	3	19451596
1400	3	19451604
1401	3	19463269
1402	3	19463272
1403	3	19482830
1404	3	19514944
1405	3	19514949
1406	3	19514950
1407	3	19514976
1408	3	19528196
1409	3	19776191
1410	3	19776209
1411	3	19776210
1412	3	19778842
1413	3	19778979
1414	3	19940278
1415	3	19942506
1416	3	19942528
1417	3	19942579
1418	3	19966823
1419	3	19966824
1420	3	20308555
1421	3	20308561
1422	3	20308584
1423	3	20411372
1424	3	20417559
1425	3	20417562
1426	3	20426439
1427	3	20714611
1428	3	20714631
1429	3	20714637
1430	3	20714639
1431	3	20714640
1432	3	20714646
1433	3	21260834
1434	3	21285717
1435	3	21425036
1436	3	21425039
1437	3	21425042
1438	3	21425047
1439	3	21425078
1440	3	21425082
1441	3	21425091
1442	3	21681259
1443	3	21755273
1444	3	21755283
1445	3	21998691
1446	3	21998724
1447	3	21999244
1448	3	21999441
1449	3	22375766
1450	3	22375767
1451	3	22382010
1452	3	22726008
1453	3	23307339
1454	3	23495145
1455	3	23958731
1456	3	26451337
1457	3	26451379
1458	3	27552295
1459	3	28215215
1460	3	28334884
1461	3	28336320
1462	3	28336354
1463	3	28336539
1464	3	28338681
1465	3	28338693
1466	3	28352278
1467	3	28352279
1468	3	28352283
1469	3	28352285
1470	3	28353022
1471	3	28353038
1472	3	28618241
1473	3	28618271
1474	3	28618272
1475	3	28618279
1476	3	28618284
1477	3	28841302
1478	3	28841803
1479	3	28841805
1480	3	28852267
1481	3	28852272
1482	3	28919722
1483	3	28921363
1484	3	28921368
1485	3	28924165
1486	3	29097121
1487	3	29097122
1488	3	29097126
1489	3	29212187
1490	3	29212992
1491	3	29212995
1492	3	29213002
1493	3	29213193
1494	3	29478904
1495	3	29519883
1496	3	29519884
1497	3	29813516
1498	3	30539731
1499	3	31388718
1500	3	31488947
1501	3	31555212
1502	3	32029555
1503	3	32029596
1504	3	32029642
1505	3	32029675
1506	3	32247867
1507	3	32250380
1508	3	32404380
1509	3	32404385
1510	3	32404395
1511	3	32404499
1512	3	32404514
1513	3	32404517
1514	3	32404556
1515	3	32404606
1516	3	32404625
1517	3	32404644
1518	3	32404668
1519	3	33773900
1520	3	34389099
1521	3	35753023
1522	3	36226680
1523	3	36226688
1524	3	36226713
1525	3	36469854
1526	3	36833686
1527	3	36833813
1528	3	36947861
1529	3	36948030
1530	3	37096223
1531	3	37237407
1532	3	37237468
1533	3	37869709
1534	3	38048218
1535	3	38048222
1536	3	38048335
1537	3	38051888
1538	3	38058734
1539	3	38059058
1540	3	38062599
1541	3	38062631
1542	3	38062744
1543	3	38168144
1544	3	38168263
1545	3	38168282
1546	3	38168509
1547	3	38177486
1548	3	38177636
1549	3	38430922
1550	3	38430936
1551	3	38438028
1552	3	41739771
1553	3	42497016
1554	3	43660461
1555	3	43660769
1556	3	43867147
1557	3	43867208
1558	3	43867237
1559	3	43867238
1560	3	45051297
1561	3	45051457
1562	3	45051464
1563	3	45051722
1564	3	45052174
1565	3	45052175
1566	3	45052177
1567	3	45052184
1568	3	45052188
1569	3	45067709
1570	3	45696801
1571	3	45696804
1572	3	45706943
1573	3	46133523
1574	3	46133537
1575	3	47082237
1576	3	47737836
1577	3	47847491
1578	3	47847506
1579	3	48041894
1580	3	48042187
1581	3	48494563
1582	3	48494564
1583	3	48494569
1584	3	48494571
1585	3	49148386
1586	3	49149170
1587	3	51715980
1588	3	51716683
1589	3	51716837
1590	3	51762537
1591	3	51762540
1592	3	51762564
1593	3	51986461
1594	3	51986627
1595	3	51986649
1596	3	52012409
1597	3	52176818
1598	3	53689916
1599	3	53873829
1600	3	53873861
1601	3	53873866
1602	3	53977286
1603	3	53978602
1604	3	53978607
1605	3	53978620
1606	3	53978621
1607	3	53978624
1608	3	54111633
1609	3	54111776
1610	3	54111784
1611	3	54111882
1612	3	54111889
1613	3	54115666
1614	3	54115668
1615	3	54115691
1616	3	54115714
1617	3	54115857
1618	3	54115875
1619	3	54117405
1620	3	54117429
1621	3	54117486
1622	3	54144973
1623	3	54145086
1624	3	54145118
1625	3	54167538
1626	3	54167541
1627	3	54167549
1628	3	54167555
1629	3	54167560
1630	3	54167562
1631	3	54270322
1632	3	54468034
1633	3	54468041
1634	3	54468047
1635	3	54469720
1636	3	55374450
1637	3	55444954
1638	3	55444968
1639	3	56770120
1640	3	56812973
1641	3	56812974
1642	3	56900712
1643	3	58011103
1644	3	58539479
1645	3	58540808
1646	3	58652113
1647	3	58652213
1648	3	58669646
1649	3	58669684
1650	3	58669695
1651	3	59433421
1652	3	59433462
1653	3	59433473
1654	3	59812959
1655	3	59812962
1656	3	60252728
1657	3	60529123
1658	3	60529126
1659	3	60529127
1660	3	60529130
1661	3	60529132
1662	3	60529482
1663	3	60529720
1664	3	60529721
1665	3	60571967
1666	3	60644261
1667	3	60644351
1668	3	65286182
1669	3	69560163
1670	3	70162386
1671	3	71667940
1672	3	86653795
1673	3	86655262
1674	3	86655310
1675	3	86773246
1676	3	86773311
1677	3	86773313
1678	3	86773344
1679	3	86840331
1680	3	86841016
1681	3	86841095
1682	3	86841109
1683	3	86903026
1684	3	86920569
1685	3	89124139
1686	3	89265991
1687	3	89433988
1688	3	89606829
1689	3	90740440
1690	3	92980157
1691	3	94333865
1692	3	94451418
1693	3	94451456
1694	3	94578167
1695	3	94578210
1696	3	94790605
1697	3	94790629
1698	3	94790719
1699	3	95392234
1700	3	95416812
1701	3	95682951
1702	3	95699134
1703	3	96221713
1704	3	96225736
1705	3	97066088
1706	3	97367414
1707	3	98514057
1708	3	98514065
1709	3	98581322
1710	3	98581323
1711	3	98581344
1712	3	98581347
1713	3	99225567
1714	3	99280808
1715	3	99280963
1716	3	99291492
1717	3	99299924
1718	3	99300206
1719	3	99502370
1720	3	99502674
1721	3	99519148
1722	3	99519151
1723	3	99519152
1724	3	99646648
1725	3	99646794
1726	3	108415264
1727	3	113562321
1728	3	113562322
1729	3	113562357
1730	3	113780912
1731	3	113780920
1732	3	113780929
1733	3	113780933
1734	3	114430087
1735	3	114430112
1736	3	114430402
1737	3	114431789
1738	3	114431796
1739	3	114779132
1740	3	114782746
1741	3	114877629
1742	3	114879946
1743	3	114879949
1744	3	114880017
1745	3	114880018
1746	3	114880025
1747	3	114880028
1748	3	116212185
1749	3	116450843
1750	3	116832489
1751	3	116843673
1752	3	117262006
1753	3	117766798
1754	3	117766812
1755	3	118021284
1756	3	118495564
1757	3	118495580
1758	3	118557199
1759	3	119135954
1760	3	119136082
1761	3	119322983
1762	3	119644097
1763	3	121202881
1764	3	121202883
1765	3	121660277
1766	3	121666370
1767	3	121666375
1768	3	121666377
1769	3	121666397
1770	3	121666398
1771	3	122071597
1772	3	122071961
1773	3	122075642
1774	3	122075894
1775	3	122075897
1776	3	122075898
1777	3	122075902
1778	3	122075903
1779	3	122118509
1780	3	123762265
1781	3	124627925
1782	3	125732139
1783	3	125732231
1784	3	126108514
1785	3	126108537
1786	3	126156778
1787	3	126156865
1788	3	127101365
1789	3	127216897
1790	3	127216900
1791	3	127544835
1792	3	127647736
1793	3	127647834
1794	3	127647836
1795	3	127698480
1796	3	127852989
1797	3	128096451
1798	3	128097159
1799	3	128098485
1800	3	128914259
1801	3	129046083
1802	3	130034048
1803	3	130048587
1804	3	130048661
1805	3	130048714
1806	3	130093922
1807	3	130094487
1808	3	130094525
1809	3	130096992
1810	3	130096996
1811	3	131015878
1812	3	131304587
1813	3	131608805
1814	3	131608835
1815	3	131608850
1816	3	139225740
1817	3	139507589
1818	3	140125009
1819	3	140831087
1820	3	142730556
1821	3	143181281
1822	3	145176101
1823	3	145178668
1824	3	149311960
1825	3	149311987
1826	3	149385251
1827	3	149564328
1828	3	150831047
1829	3	150831487
1830	3	154075136
1831	3	154075281
1832	3	154075292
1833	3	154075313
1834	3	154094084
1835	3	154094114
1836	3	154094173
1837	3	154094175
1838	3	154094423
1839	3	154094430
1840	3	154124215
1841	3	154124379
1842	3	154124380
1843	3	154611054
1844	3	154611060
1845	3	154611061
1846	3	154611062
1847	3	154611083
1848	3	154626876
1849	3	154648604
1850	3	154648605
1851	3	154648606
1852	3	154649220
1853	3	154649223
1854	3	154649248
1855	3	154649398
1856	3	154660114
1857	3	154660115
1858	3	154669591
1859	3	154710817
1860	3	154732188
1861	3	154732758
1862	3	155317564
1863	3	155326548
1864	3	155326552
1865	3	155326553
1866	3	155345488
1867	3	155955538
1868	3	155955543
1869	3	155955544
1870	3	155955546
1871	3	155956382
1872	3	155961960
1873	3	155968473
1874	3	155968493
1875	3	155968495
1876	3	156055326
1877	3	156058397
1878	3	156151397
1879	3	156275421
1880	3	156285011
1881	3	156482280
1882	3	156482288
1883	3	156482298
1884	3	156482302
1885	3	156482304
1886	3	156482309
1887	3	156482528
1888	3	156482556
1889	3	156485055
1890	3	156796659
1891	3	156796666
1892	3	156797851
1893	3	156797872
1894	3	156797905
1895	3	156798673
1896	3	156800234
1897	3	156800242
1898	3	156800277
1899	3	156964651
1900	3	157018380
1901	3	157019832
1902	3	157051173
1903	3	157051175
1904	3	157051176
1905	3	157051177
1906	3	157051178
1907	3	157051214
1908	3	157086604
1909	3	157577165
1910	3	159687843
1911	3	159687849
1912	3	159801859
1913	3	159810990
1914	3	159810991
1915	3	159811914
1916	3	159817935
1917	3	159868610
1918	3	159869865
1919	3	159869897
1920	3	159869899
1921	3	164392345
1922	3	164580923
1923	3	164974992
1924	3	164975154
1925	3	164976865
1926	3	164976956
1927	3	164977951
1928	3	164977952
1929	3	164977953
1930	3	164977988
1931	3	164978728
1932	3	165412962
1933	3	165412963
1934	3	165412964
1935	3	165412965
1936	3	165412966
1937	3	165412967
1938	3	165412968
1939	3	165412969
1940	3	165412970
1941	3	165412971
1942	3	165412972
1943	3	165412973
1944	3	165457559
1945	3	165638122
1946	3	165638176
1947	3	165640281
1948	3	165704466
1949	3	165704494
1950	3	165725085
1951	3	165725932
1952	3	165727643
1953	3	165727836
1954	3	165727838
1955	3	165856137
1956	3	165856146
1957	3	165856998
1958	3	165857026
1959	3	165870383
1960	3	165870386
1961	3	165870387
1962	3	165878374
1963	3	165878379
1964	3	166013569
1965	3	166154264
1966	3	166154266
1967	3	166389255
1968	3	166390999
1969	3	166447993
1970	3	166448007
1971	3	166448027
1972	3	166449812
1973	3	166449813
1974	3	167374236
1975	3	167374237
1976	3	167374238
1977	3	167374239
1978	3	167374242
1979	3	167377101
1980	3	167377102
1981	3	167377103
1982	3	167446823
1983	3	167478999
1984	3	167480740
1985	3	168235268
1986	3	168235272
1987	3	168235276
1988	3	168372968
1989	3	168485662
1990	3	168485664
1991	3	168485667
1992	3	168485670
1993	3	169052495
1994	3	169052496
1995	3	169052497
1996	3	169052548
1997	3	169052549
1998	3	169078270
1999	3	169078296
2000	3	169078733
2001	3	169078752
2002	3	169133874
2003	3	169615783
2004	3	169728841
2005	3	170025739
2006	3	170025749
2007	3	170025750
2008	3	170025751
2009	3	170454954
2010	3	170454955
2011	3	170455018
2012	3	170457633
2013	3	170457642
2014	3	170457685
2015	3	170460608
2016	3	170546293
2017	3	170702099
2018	3	170702107
2019	3	170732535
2020	3	171433931
2021	3	171437102
2022	3	171437108
2023	3	171437505
2024	3	171469580
2025	3	171469583
2026	3	171703514
2027	3	171900547
2028	3	172197664
2029	3	172197739
2030	3	172197740
2031	3	172197741
2032	3	172197742
2033	3	172197749
2034	3	172197750
2035	3	172197756
2036	3	172200653
2037	3	172332527
2038	3	172332534
2039	3	172333440
2040	3	172407530
2041	3	172407546
2042	3	172415078
2043	3	172522580
2044	3	173003273
2045	3	173003306
2046	3	173291249
2047	3	173382176
2048	3	173470063
2049	3	173470066
2050	3	173474900
2051	3	173475145
2052	3	173585973
2053	3	174462356
2054	3	174462389
2055	3	174463949
2056	3	174534387
2057	3	174535955
2058	3	175533864
2059	3	175533873
2060	3	175533876
2061	3	175533908
2062	3	175540577
2063	3	175550975
2064	3	175631766
2065	3	175631780
2066	3	175688693
2067	3	175700550
2068	3	175700554
2069	3	175710306
2070	3	175777613
2071	3	175778121
2072	3	175778122
2073	3	175778125
2074	3	175900066
2075	3	175936733
2076	3	175938228
2077	3	175957917
2078	3	175963720
2079	3	175963721
2080	3	175963726
2081	3	175965617
2082	3	175965656
2083	3	176039749
2084	3	176039791
2085	3	176321489
2086	3	176332413
2087	3	176356757
2088	3	176510542
2089	3	176550993
2090	3	176569469
2091	3	176569471
2092	3	176783315
2093	3	176783317
2094	3	176783365
2095	3	176800405
2096	3	176800421
2097	3	176803706
2098	3	176804277
2099	3	177150046
2100	3	177150078
2101	3	177445546
2102	3	177447672
2103	3	178006507
2104	3	178007067
2105	3	178065198
2106	3	178099877
2107	3	178154541
2108	3	178182904
2109	3	178267626
2110	3	178268010
2111	3	178412876
2112	3	178412877
2113	3	178412878
2114	3	178527950
2115	3	178730633
2116	3	179351451
2117	3	179414581
2118	3	179414590
2119	3	179414677
2120	3	179414715
2121	3	179414813
2122	3	179414829
2123	3	179415178
2124	3	179523145
2125	3	179523271
2126	3	179523286
2127	3	179638355
2128	3	179639685
2129	3	179640412
2130	3	179641376
2131	3	179723595
2132	3	179789620
2133	3	179789656
2134	3	179789661
2135	3	180598368
2136	3	180598399
2137	3	180747973
2138	3	180770145
2139	3	180770147
2140	3	180778449
2141	3	181071786
2142	3	181109546
2143	3	181551935
2144	3	181558607
2145	3	181558649
2146	3	181558847
2147	3	181559678
2148	3	181559720
2149	3	181791332
2150	3	181905799
2151	3	182486976
2152	3	182486977
2153	3	183647525
2154	3	183647527
2155	3	183865997
2156	3	185754023
2157	3	185836157
2158	3	185841012
2159	3	185841017
2160	3	185841024
2161	3	185841028
2162	3	185841031
2163	3	185932370
2164	3	185932448
2165	3	185932449
2166	3	185932451
2167	3	185932452
2168	3	185938416
2169	3	185938417
2170	3	185938419
2171	3	185938421
2172	3	185938422
2173	3	185938423
2174	3	185938425
2175	3	186206041
2176	3	186222442
2177	3	186384914
2178	3	187002319
2179	3	187445527
2180	3	187649776
2181	3	187925164
2182	3	188024342
2183	3	188331172
2184	3	188539680
2185	3	188541869
2186	3	188541888
2187	3	188806577
2188	3	188807096
2189	3	189346820
2190	3	189346822
2191	3	189346831
2192	3	189346832
2193	3	189691696
2194	3	189693348
2195	3	189895812
2196	3	189895817
2197	3	189895818
2198	3	189895821
2199	3	189895827
2200	3	189895830
2201	3	189895834
2202	3	189895835
2203	3	189895974
2204	3	190446668
2205	3	190446726
2206	3	190567509
2207	3	190567526
2208	3	190567530
2209	3	190567631
2210	3	190568631
2211	3	190774878
2212	3	190777038
2213	3	190777070
2214	3	190777091
2215	3	190784745
2216	3	190785036
2217	3	190888793
2218	3	191124200
2219	3	191153543
2220	3	191195517
2221	3	191195655
2222	3	191780183
2223	3	191896189
2224	3	191896357
2225	3	191924126
2226	3	191992938
2227	3	192033589
2228	3	192033632
2229	3	192117294
2230	3	194011357
2231	3	194011556
2232	3	194011639
2233	3	194013102
2234	3	194040541
2235	3	194041711
2236	3	194041721
2237	3	194041723
2238	3	194041949
2239	3	194041972
2240	3	194041978
2241	3	194056476
2242	3	194339918
2243	3	194475355
2244	3	194475477
2245	3	194725300
2246	3	194739229
2247	3	194824239
2248	3	194927128
2249	3	194927132
2250	3	194927139
2251	3	194927141
2252	3	194927143
2253	3	194927147
2254	3	194927148
2255	3	194927149
2256	3	194927151
2257	3	194927156
2258	3	194927243
2259	3	194927584
2260	3	195032530
2261	3	195057315
2262	3	195058460
2263	3	195122231
2264	3	195123179
2265	3	195125146
2266	3	195751300
2267	3	196091339
2268	3	196155826
2269	3	196198501
2270	3	196198547
2271	3	196198937
2272	3	196202720
2273	3	196202721
2274	3	196202722
2275	3	196202724
2276	3	196202725
2277	3	196202727
2278	3	196202728
2279	3	196202729
2280	3	196202731
2281	3	196202732
2282	3	196202734
2283	3	196206729
2284	3	196206735
2285	3	196347445
2286	3	196362943
2287	3	196363473
2288	3	196441027
2289	3	196560533
2290	3	197019250
2291	3	197019251
2292	3	197019253
2293	3	197056295
2294	3	197056297
2295	3	197056298
2296	3	197056299
2297	3	197056300
2298	3	197056301
2299	3	197278597
2300	3	197375671
2301	3	197375672
2302	3	197418047
2303	3	197508408
2304	3	198216741
2305	3	198217252
2306	3	198217253
2307	3	198393893
2308	3	198578854
2309	3	198678392
2310	3	199234692
2311	3	199241179
2312	3	199241191
2313	3	199243711
2314	3	199244889
2315	3	199263648
2316	3	199275923
2317	3	199280508
2318	3	199291905
2319	3	199293203
2320	3	199293209
2321	3	199334409
2322	3	199479790
2323	3	199486771
2324	3	199551517
2325	3	199621429
2326	3	199621432
2327	3	199622196
2328	3	199622321
2329	3	199744770
2330	3	199745947
2331	3	199853001
2332	3	199907569
2333	3	200446838
2334	3	200447592
2335	3	200876932
2336	3	201069018
2337	3	201095521
2338	3	201176499
2339	3	201176534
2340	3	201176535
2341	3	201176536
2342	3	201190036
2343	3	201192368
2344	3	201192393
2345	3	201192398
2346	3	201192416
2347	3	201194120
2348	3	201256326
2349	3	201256331
2350	3	201260762
2351	3	201265651
2352	3	201265654
2353	3	201265680
2354	3	201301820
2355	3	201304435
2356	3	201304463
2357	3	201304554
2358	3	202114569
2359	3	204129275
2360	3	204644559
2361	3	204998780
2362	3	206951694
2363	3	206951696
2364	3	215088631
2365	3	215088638
2366	3	215432550
2367	3	216528161
2368	3	216594104
2369	3	217655894
2370	3	217655928
2371	3	217691076
2372	3	217695192
2373	3	217695212
2374	3	217820947
2375	3	217895070
2376	3	218025700
2377	3	218187859
2378	3	218266369
2379	3	218324828
2380	3	218835208
2381	3	218835209
2382	3	218835218
2383	3	219404954
2384	3	219404962
2385	3	219404971
2386	3	219404972
2387	3	219414485
2388	3	219414507
2389	3	219414538
2390	3	219425282
2391	3	219425289
2392	3	219425323
2393	3	219426451
2394	3	219771251
2395	3	219771255
2396	3	219771256
2397	3	219771529
2398	3	219855679
2399	3	219866693
2400	3	219888507
2401	3	220704254
2402	3	220704255
2403	4	1046571
2404	4	2514878
2405	4	2763778
2406	4	4060812
2407	4	4213180
2408	4	4908245
2409	4	4908265
2410	4	4908274
2411	4	5266525
2412	4	6110119
2413	4	18574344
2414	4	20513715
2415	4	25464678
2416	4	29357937
2417	4	30471219
2418	4	30471321
2419	4	30473933
2420	4	30949208
2421	4	30951479
2422	4	31005586
2423	4	31065228
2424	4	31065229
2425	4	31065278
2426	4	31246715
2427	4	31577695
2428	4	31690470
2429	4	31690488
2430	4	32060582
2431	4	32060590
2432	4	32060613
2433	4	32689133
2434	4	34013971
2435	4	34054810
2436	4	36022421
2437	4	36411175
2438	4	36411183
2439	4	36415463
2440	4	36478579
2441	4	36478608
2442	4	36478622
2443	4	36728142
2444	4	36765526
2445	4	36820963
2446	4	36883122
2447	4	64933345
2448	4	66559053
2449	4	66559106
2450	4	66559311
2451	4	66559353
2452	4	68461327
2453	4	68461343
2454	4	68461363
2455	4	68461369
2456	4	68517248
2457	4	68517296
2458	4	68517299
2459	4	68647280
2460	4	70400004
2461	4	70843269
2462	4	71056488
2463	4	71495116
2464	4	73773483
2465	4	73773484
2466	4	73773485
2467	4	73773486
2468	4	83198289
2469	4	83198325
2470	4	83738150
2471	4	84748035
2472	4	85706901
2473	4	87762693
2474	4	90084273
2475	4	97043374
2476	4	102359307
2477	4	106793360
2478	4	107492957
2479	4	120253473
2480	4	120253478
2481	4	123983088
2482	4	124525538
2483	4	124525557
2484	4	124525561
2485	4	126344355
2486	4	126344366
2487	4	126344373
2488	4	126537684
2489	4	126643172
2490	4	127211703
2491	4	127404399
2492	4	127419475
2493	4	128817901
2494	4	129320738
2495	4	129320739
2496	4	129320750
2497	4	129320752
2498	4	130031697
2499	4	131195249
2500	4	131765746
2501	4	131766560
2502	4	136042258
2503	4	136937957
2504	4	143084666
2505	4	143084670
2506	4	143084675
2507	4	143084683
2508	4	143377541
2509	4	144607847
2510	4	145614529
2511	4	145614535
2512	4	145733235
2513	4	146059131
2514	4	146692008
2515	4	146706994
2516	4	146706996
2517	4	151682440
2518	4	151682446
2519	4	152407446
2520	4	175223274
2521	4	175273393
2522	4	175277962
2523	4	175739782
2524	4	176654055
2525	4	177439323
2526	4	184783215
2527	4	186836950
2528	4	187417767
2529	4	187417780
2530	4	188210319
2531	4	188210322
2532	4	193147210
2533	4	195203526
2534	4	195205015
2535	4	195218888
2536	4	195218972
2537	4	195328649
2538	4	195328657
2539	4	195382027
2540	4	195754567
2541	4	195797440
2542	4	195797492
2543	4	195961607
2544	4	196123853
2545	4	196414091
2546	4	196466617
2547	4	196588752
2548	4	196988340
2549	4	197056012
2550	4	197059831
2551	4	197059832
2552	4	197082872
2553	4	197084152
2554	4	197084153
2555	4	197084185
2556	4	197373406
2557	4	197387179
2558	4	197387188
2559	4	197387211
2560	4	197388925
2561	4	197388944
2562	4	197388945
2563	4	197525716
2564	4	197774925
2565	4	197782344
2566	4	197782365
2567	4	197802170
2568	4	197818219
2569	4	197818508
2570	4	197853400
2571	4	197853401
2572	4	197853429
2573	4	197853436
2574	4	197853539
2575	4	197929867
2576	4	198405782
2577	4	198430467
2578	4	198430468
2579	4	198430471
2580	4	198549864
2581	4	198566058
2582	4	199000667
2583	4	199008300
2584	4	199074099
2585	4	199076926
2586	4	199076941
2587	4	199077085
2588	4	199077105
2589	4	199077133
2590	4	199167148
2591	4	199177637
2592	4	199217507
2593	4	199217730
2594	4	199797376
2595	4	199799153
2596	4	200031097
2597	4	200031099
2598	4	200031128
2599	4	200032278
2600	4	200034077
2601	4	200143081
2602	4	200143094
2603	4	200185637
2604	4	200299868
2605	4	200299877
2606	4	200299904
2607	4	200365348
2608	4	200368680
2609	4	200529830
2610	4	200531153
2611	4	200535027
2612	4	200538433
2613	4	200538576
2614	4	200538608
2615	4	200538609
2616	4	200538613
2617	4	200538626
2618	4	200538628
2619	4	200645759
2620	4	202049953
2621	4	210865043
2622	4	210882088
2623	4	210882091
2624	4	211042618
2625	4	211042646
2626	4	211047341
2627	4	211047350
2628	4	211047351
2629	4	211047355
2630	4	211078150
2631	4	211078154
2632	4	211079893
2633	4	211079894
2634	4	211083801
2635	4	211141371
2636	4	211141381
2637	4	211141409
2638	4	211155723
2639	4	211157682
2640	4	211157685
2641	4	211157690
2642	4	211157691
2643	4	211157692
2644	4	211198009
2645	4	211198010
2646	4	211198011
2647	4	211198012
2648	4	211198013
2649	4	211198016
2650	4	211198017
2651	4	211198028
2652	4	211198030
2653	4	211533908
2654	4	211533958
2655	4	211594435
2656	4	211996781
2657	4	212320396
2658	4	212321980
2659	4	212328548
2660	4	214652202
2661	4	215106303
2662	4	215106309
2663	4	215106310
2664	4	215106314
2665	4	215106315
2666	4	215106317
2667	4	215106320
2668	4	215106321
2669	4	215392061
2670	4	215392062
2671	4	216368630
2672	4	216607358
2673	4	218071167
2674	4	218072095
2675	4	218320369
2676	4	218320370
2677	4	218321128
2678	4	218321131
2679	4	218321161
2680	4	218772787
2681	4	218852750
2682	4	219567833
2683	4	219603046
2684	4	221510132
2685	4	222030900
2686	4	222715761
2687	4	222715772
2688	4	222716086
2689	4	222742552
2690	4	222742558
2691	4	222742559
2692	4	222742560
2693	4	222742761
2694	4	223079331
2695	4	224237016
2696	4	224237272
2697	4	224287790
2698	4	224287795
2699	4	224307823
2700	4	224308438
2701	4	224308468
2702	4	224308469
2703	4	226616752
2704	4	226616756
2705	4	226620999
2706	4	226621042
2707	4	227274577
2708	4	227274590
2709	4	227274802
2710	4	227274841
2711	4	228555189
2712	4	228555212
2713	4	228555224
2714	4	228623517
2715	4	228623523
2716	4	228665359
2717	4	229343412
2718	4	229343428
2719	4	229343447
2720	4	229343448
2721	4	229343514
2722	4	229819455
2723	4	229819589
2724	4	230349213
2725	4	230350475
2726	4	230350476
2727	4	230495816
2728	4	230561464
2729	4	230561466
2730	4	230561467
2731	4	230561470
2732	4	230561503
2733	4	230561506
2734	4	230561508
2735	4	230562142
2736	4	230562156
2737	4	230562179
2738	4	230588744
2739	4	230588757
2740	4	230588761
2741	4	230590489
2742	4	230590761
2743	4	230590763
2744	4	230590766
2745	4	230702337
2746	4	230756875
2747	4	230769102
2748	4	230803402
2749	4	230803453
2750	4	230804328
2751	4	231034947
2752	4	231043769
2753	4	231138040
2754	4	231141298
2755	4	231493540
2756	4	231515445
2757	4	231563625
2758	4	231729516
2759	4	231785194
2760	4	231785220
2761	4	231900772
2762	4	233763703
2763	4	233864747
2764	4	234114498
2765	4	234114506
2766	4	234114508
2767	4	234114513
2768	4	234114545
2769	4	236908853
2770	4	238933416
2771	4	238933443
2772	4	239803158
2773	4	239803163
2774	4	239803170
2775	5	1042953
2776	5	1042978
2777	5	1042979
2778	5	4019895
2779	5	4019905
2780	5	5904206
2781	5	6617698
2782	5	6871695
2783	5	7240840
2784	5	7250236
2785	5	7250290
2786	5	7286184
2787	5	7293625
2788	5	7358754
2789	5	7359821
2790	5	7365155
2791	5	7367045
2792	5	7528325
2793	5	7624713
2794	5	7689493
2795	5	7689519
2796	5	7689839
2797	5	7689877
2798	5	7725964
2799	5	7767868
2800	5	7868458
2801	5	7868475
2802	5	7868477
2803	5	7872622
2804	5	9246803
2805	5	9246848
2806	5	9653603
2807	5	9655176
2808	5	9655205
2809	5	9711753
2810	5	10106964
2811	5	10106966
2812	5	10106967
2813	5	10231851
2814	5	10231867
2815	5	10232557
2816	5	10232592
2817	5	10232599
2818	5	10232602
2819	5	10274266
2820	5	10276412
2821	5	10276413
2822	5	10276415
2823	5	10316839
2824	5	10542862
2825	5	11596879
2826	5	11598871
2827	5	11598944
2828	5	11893185
2829	5	11893210
2830	5	11923330
2831	5	12230930
2832	5	12270320
2833	5	12270321
2834	5	12383622
2835	5	12383638
2836	5	12562042
2837	5	12562071
2838	5	12570202
2839	5	12570203
2840	5	12570954
2841	5	12572235
2842	5	12572509
2843	5	12572648
2844	5	12584871
2845	5	12584893
2846	5	12584903
2847	5	12584937
2848	5	12585030
2849	5	13179321
2850	5	13273970
2851	5	13306154
2852	5	13306169
2853	5	13306184
2854	5	13306194
2855	5	13306276
2856	5	13306310
2857	5	13392917
2858	5	13393097
2859	5	13393192
2860	5	13398915
2861	5	13399121
2862	5	13399130
2863	5	13409766
2864	5	13427902
2865	5	13503546
2866	5	13733773
2867	5	13973031
2868	5	13973178
2869	5	14022205
2870	5	14022214
2871	5	14058188
2872	5	14059373
2873	5	14059389
2874	5	14060750
2875	5	14060761
2876	5	14060897
2877	5	14060906
2878	5	14091416
2879	5	14102371
2880	5	14178051
2881	5	14336069
2882	5	14436699
2883	5	14506750
2884	5	14507018
2885	5	14511223
2886	5	14511498
2887	5	14677163
2888	5	14677901
2889	5	14755066
2890	5	14760045
2891	5	14804657
2892	5	14808424
2893	5	14841906
2894	5	14841914
2895	5	14854659
2896	5	14854900
2897	5	15083428
2898	5	15315208
2899	5	15435123
2900	5	15551742
2901	5	15568067
2902	5	16099811
2903	5	16099855
2904	5	16321544
2905	5	16321750
2906	5	16418498
2907	5	16418521
2908	5	17063782
2909	5	17109533
2910	5	17382374
2911	5	18275835
2912	5	18371169
2913	5	18371181
2914	5	18371820
2915	5	18371821
2916	5	18371822
2917	5	18373704
2918	5	18373716
2919	5	18373720
2920	5	18373820
2921	5	18539758
2922	5	18629241
2923	5	18629243
2924	5	18629260
2925	5	18629274
2926	5	18701680
2927	5	19049174
2928	5	19133843
2929	5	19134176
2930	5	19134185
2931	5	19134355
2932	5	19457159
2933	5	19524302
2934	5	19524304
2935	5	19842373
2936	5	19912271
2937	5	19912272
2938	5	20135326
2939	5	20199290
2940	5	20490786
2941	5	20602215
2942	5	20602217
2943	5	20917213
2944	5	20968395
2945	5	21342492
2946	5	21342504
2947	5	21342738
2948	5	21342757
2949	5	21342762
2950	5	21362749
2951	5	22099805
2952	5	22099808
2953	5	22102288
2954	5	22150014
2955	5	22150028
2956	5	22150040
2957	5	22150041
2958	5	22150043
2959	5	22150046
2960	5	22150050
2961	5	22150052
2962	5	22738661
2963	5	22805463
2964	5	24215753
2965	5	24215789
2966	5	24333094
2967	5	24337727
2968	5	24343653
2969	5	24343654
2970	5	24343656
2971	5	24343658
2972	5	24343659
2973	5	24343695
2974	5	24439658
2975	5	24439948
2976	5	24544038
2977	5	24616905
2978	5	24616927
2979	5	24616935
2980	5	24616958
2981	5	24966575
2982	5	24966639
2983	5	24971649
2984	5	24975115
2985	5	25028924
2986	5	25039539
2987	5	25039603
2988	5	25039626
2989	5	25039629
2990	5	25406274
2991	5	25436252
2992	5	25436298
2993	5	25437394
2994	5	25464662
2995	5	25464758
2996	5	25471414
2997	5	25479219
2998	5	25479789
2999	5	25479797
3000	5	25489499
3001	5	25489501
3002	5	25489516
3003	5	25490067
3004	5	27861268
3005	5	27945416
3006	5	27945425
3007	5	27945437
3008	5	28019822
3009	5	28022369
3010	5	28022391
3011	5	28214468
3012	5	28337796
3013	5	28381869
3014	5	28381915
3015	5	28382057
3016	5	28953097
3017	5	30296239
3018	5	30296250
3019	5	30296257
3020	5	30599543
3021	5	30776703
3022	5	30777287
3023	5	30777325
3024	5	30948291
3025	5	30948751
3026	5	31385394
3027	5	31423561
3028	5	31444326
3029	5	31948690
3030	5	31948727
3031	5	32002482
3032	5	32012208
3033	5	32035727
3034	5	32036274
3035	5	32036463
3036	5	32090568
3037	5	32090735
3038	5	32093985
3039	5	32094036
3040	5	32094416
3041	5	32094417
3042	5	32094501
3043	5	32426609
3044	5	32426800
3045	5	32452029
3046	5	32461335
3047	5	32464365
3048	5	32920225
3049	5	32920373
3050	5	33048871
3051	5	33051152
3052	5	33052381
3053	5	33052493
3054	5	33065865
3055	5	33295453
3056	5	33295499
3057	5	33296130
3058	5	33296308
3059	5	33300398
3060	5	33300406
3061	5	33301259
3062	5	33301270
3063	5	33301274
3064	5	33492470
3065	5	33492511
3066	5	33494571
3067	5	33495586
3068	5	33598932
3069	5	33598950
3070	5	33610351
3071	5	34965388
3072	5	34966713
3073	5	34966818
3074	5	34966819
3075	5	36932219
3076	5	36954662
3077	5	36954703
3078	5	36954841
3079	5	36954860
3080	5	36954891
3081	5	36954893
3082	5	36954895
3083	5	36954897
3084	5	36954899
3085	5	38013727
3086	5	38152683
3087	5	38268525
3088	5	38401486
3089	5	38401509
3090	5	39359707
3091	5	39359872
3092	5	39359879
3093	5	39403032
3094	5	42457805
3095	5	42457999
3096	5	42459116
3097	5	42459155
3098	5	46427069
3099	5	46779358
3100	5	46779385
3101	5	46867461
3102	5	46867551
3103	5	46880168
3104	5	46947024
3105	5	47036670
3106	5	47395617
3107	5	47817686
3108	5	47817806
3109	5	47817966
3110	5	47817981
3111	5	47822346
3112	5	47975295
3113	5	47975395
3114	5	48275401
3115	5	48275409
3116	5	48384826
3117	5	48449574
3118	5	48490481
3119	5	48501972
3120	5	48503608
3121	5	48503618
3122	5	48503626
3123	5	49251941
3124	5	49251999
3125	5	51427698
3126	5	51427820
3127	5	51427860
3128	5	51670043
3129	5	51863957
3130	5	52137660
3131	5	52239416
3132	5	52508833
3133	5	52613124
3134	5	52629705
3135	5	52825398
3136	5	53377179
3137	5	53522965
3138	5	53522966
3139	5	53533254
3140	5	53533965
3141	5	53623398
3142	5	54173081
3143	5	54414819
3144	5	54414838
3145	5	54415245
3146	5	54415285
3147	5	54535208
3148	5	54613093
3149	5	54613098
3150	5	54919956
3151	5	54919984
3152	5	54920005
3153	5	54920350
3154	5	54920354
3155	5	54920355
3156	5	54920356
3157	5	54920358
3158	5	54921055
3159	5	55216459
3160	5	55218199
3161	5	55224589
3162	5	55394602
3163	5	55436175
3164	5	55582027
3165	5	55582051
3166	5	55582053
3167	5	55582067
3168	5	55582078
3169	5	55791047
3170	5	55888021
3171	5	55931223
3172	5	56018740
3173	5	56018821
3174	5	56018962
3175	5	56216291
3176	5	56216300
3177	5	56360432
3178	5	56368920
3179	5	56369075
3180	5	56369185
3181	5	56369189
3182	5	56369191
3183	5	56370305
3184	5	56370307
3185	5	56370308
3186	5	56370320
3187	5	56370327
3188	5	56374979
3189	5	66429049
3190	5	66858703
3191	5	67504536
3192	5	67599273
3193	5	67599286
3194	5	67599416
3195	5	67599903
3196	5	67600206
3197	5	67600219
3198	5	67627201
3199	5	67627209
3200	5	67765677
3201	5	67884333
3202	5	68405772
3203	5	68513717
3204	5	68513719
3205	5	68513720
3206	5	68668122
3207	5	68873928
3208	5	69304848
3209	5	69304850
3210	5	69304851
3211	5	69435488
3212	5	69435589
3213	5	69449865
3214	5	69455456
3215	5	70035620
3216	5	70044785
3217	5	70063049
3218	5	70063644
3219	5	70082588
3220	5	70082766
3221	5	70626298
3222	5	70627570
3223	5	70870434
3224	5	70870506
3225	5	70883489
3226	5	70883681
3227	5	70883735
3228	5	70883809
3229	5	70883915
3230	5	70885982
3231	5	70885997
3232	5	70886003
3233	5	70886018
3234	5	70886020
3235	5	70886144
3236	5	86012484
3237	5	86012860
3238	5	86014049
3239	5	86014201
3240	5	86014202
3241	5	86014204
3242	5	86197439
3243	5	86261128
3244	5	86262851
3245	5	86263281
3246	5	86310969
3247	5	86310970
3248	5	87722174
3249	5	87722190
3250	5	87722315
3251	5	87793674
3252	5	87914171
3253	5	87914172
3254	5	87914232
3255	5	87914233
3256	5	88449395
3257	5	89007057
3258	5	89007288
3259	5	89152900
3260	5	89153282
3261	5	89715133
3262	5	89749431
3263	5	89859178
3264	5	89859251
3265	5	89859269
3266	5	89859356
3267	5	89859381
3268	5	90103107
3269	5	91361681
3270	5	91684015
3271	5	91809683
3272	5	91809685
3273	5	91809724
3274	5	91813307
3275	5	91813329
3276	5	91815374
3277	5	91906600
3278	5	92292845
3279	5	92805098
3280	5	92805100
3281	5	92805101
3282	5	92971126
3283	5	92971232
3284	5	92971262
3285	5	93237834
3286	5	93237854
3287	5	93238562
3288	5	93240566
3289	5	93515329
3290	5	93515343
3291	5	93515379
3292	5	93515431
3293	5	93515435
3294	5	93515478
3295	5	93842608
3296	5	93960536
3297	5	95001524
3298	5	95835334
3299	5	96556145
3300	5	98223550
3301	5	98251119
3302	5	98454825
3303	5	98925514
3304	5	102984297
3305	5	108792076
3306	5	111307328
3307	5	112404536
3308	5	112928686
3309	5	112928725
3310	5	112929513
3311	5	113768408
3312	5	114088593
3313	5	114095713
3314	5	116222177
3315	5	117936931
3316	5	121621755
3317	5	123237012
3318	5	123344239
3319	5	123485131
3320	5	123485192
3321	5	123590184
3322	5	123590213
3323	5	123597906
3324	5	123838784
3325	5	123894501
3326	5	123894502
3327	5	123894523
3328	5	123894524
3329	5	123894526
3330	5	123894527
3331	5	123894528
3332	5	123894812
3333	5	123899433
3334	5	123964748
3335	5	123964811
3336	5	123964926
3337	5	123964933
3338	5	123964939
3339	5	124012869
3340	5	126057882
3341	5	126057912
3342	5	126272637
3343	5	127727811
3344	5	127727824
3345	5	127747856
3346	5	128108453
3347	5	128108485
3348	5	128333434
3349	5	128333604
3350	5	128333610
3351	5	131041394
3352	5	131456760
3353	5	131456796
3354	5	131460408
3355	5	132656906
3356	5	133190788
3357	5	133190789
3358	5	133190882
3359	5	133190900
3360	5	133338936
3361	5	133501858
3362	5	133501992
3363	5	133618308
3364	5	133618309
3365	5	133618344
3366	5	133618788
3367	5	133618810
3368	5	134191258
3369	5	134470895
3370	5	134471200
3371	5	134489952
3372	5	134787729
3373	5	134787735
3374	5	134789937
3375	5	134790023
3376	5	134810494
3377	5	135479221
3378	5	139233012
3379	5	141130118
3380	5	141130120
3381	5	141130122
3382	5	141130123
3383	5	141130124
3384	5	141130125
3385	5	141130127
3386	5	141130129
3387	5	141173580
3388	5	141173596
3389	5	143197433
3390	5	143958300
3391	5	144313692
3392	5	144317024
3393	5	144580748
3394	5	144580928
3395	5	144703790
3396	5	144707868
3397	5	144708209
3398	5	144708285
3399	5	144809981
3400	5	144813308
3401	5	144813321
3402	5	144813322
3403	5	144813324
3404	5	144814021
3405	5	144814083
3406	5	144814296
3407	5	144814303
3408	5	144814304
3409	5	144814344
3410	5	145002802
3411	5	145215779
3412	5	145216571
3413	5	145280675
3414	5	145280681
3415	5	145280712
3416	5	145280904
3417	5	145728269
3418	5	145733241
3419	5	146367939
3420	5	146367943
3421	5	146842572
3422	5	146843755
3423	5	146885192
3424	5	146894693
3425	5	148459078
3426	5	148459089
3427	5	148459091
3428	5	148693642
3429	5	148700093
3430	5	148700094
3431	5	148700176
3432	5	148761390
3433	5	148761419
3434	5	148881286
3435	5	148888630
3436	5	150191014
3437	5	150275993
3438	5	150276464
3439	5	150510279
3440	5	150739331
3441	5	150934120
3442	5	150934137
3443	5	150934301
3444	5	151010534
3445	5	151415698
3446	5	152605174
3447	5	152827969
3448	5	152831380
3449	5	152831389
3450	5	152834708
3451	5	152845743
3452	5	152917874
3453	5	152920163
3454	5	152923867
3455	5	152926936
3456	5	152926957
3457	5	152926979
3458	5	153378382
3459	5	153695494
3460	5	153695538
3461	5	153843233
3462	5	153843236
3463	5	153860157
3464	5	153946081
3465	5	154464188
3466	5	155531958
3467	5	155957643
3468	5	156139316
3469	5	156139989
3470	5	156139991
3471	5	156140003
3472	5	156140125
3473	5	156260521
3474	5	157497717
3475	5	158823472
3476	5	159803165
3477	5	159944968
3478	5	159944989
3479	5	159944993
3480	5	168667286
3481	5	176876597
3482	5	182090072
3483	5	188717941
3484	5	188717970
3485	5	189368322
3486	5	191912270
3487	5	193193243
3488	5	193439760
3489	5	193727929
3490	5	193728018
3491	5	193728059
3492	5	193849347
3493	5	193968275
3494	5	196028394
3495	5	196028401
3496	5	196411876
3497	5	196556908
3498	5	197842022
3499	5	199983864
3500	5	200110211
3501	5	200435117
3502	5	200688772
3503	5	200688862
3504	5	206855145
3505	5	208069452
3506	5	208094128
3507	5	208164962
3508	5	208173296
3509	5	208198581
3510	5	208568616
3511	5	208675642
3512	5	208900714
3513	5	208900717
3514	5	209183618
3515	5	209722089
3516	5	209722095
3517	5	210303111
3518	5	211323063
3519	5	211992169
3520	5	212619446
3521	5	212819661
3522	5	213107042
3523	5	213107047
3524	5	214287387
3525	6	1960822
3526	6	3570979
3527	6	6259251
3528	6	22916612
3529	6	26668885
3530	6	28146521
3531	6	29780934
3532	6	29780935
3533	6	29780939
3534	6	29780941
3535	6	29780942
3536	6	29780944
3537	6	29780945
3538	6	29780946
3539	6	31014072
3540	6	31415016
3541	6	31421644
3542	6	31708503
3543	6	34443769
3544	6	34974434
3545	6	36622336
3546	6	36622354
3547	6	37902828
3548	6	37902845
3549	6	39197762
3550	6	39816411
3551	6	39868015
3552	6	39893185
3553	6	43908356
3554	6	43908386
3555	6	63537228
3556	6	63537229
3557	6	63729739
3558	6	63729748
3559	6	63729756
3560	6	63729758
3561	6	63729759
3562	6	63756946
3563	6	63763790
3564	6	63763817
3565	6	64092731
3566	6	67653542
3567	6	69626011
3568	6	70291267
3569	6	70572101
3570	6	71015479
3571	6	71015500
3572	6	71233681
3573	6	71441765
3574	6	71921295
3575	6	72185956
3576	6	72871452
3577	6	74072133
3578	6	74072147
3579	6	74072348
3580	6	75126613
3581	6	75126804
3582	6	75126808
3583	6	75126821
3584	6	75745554
3585	6	75992467
3586	6	76416681
3587	6	76416726
3588	6	76485588
3589	6	76485626
3590	6	76487106
3591	6	76968228
3592	6	78615813
3593	6	78615825
3594	6	78821210
3595	6	78821247
3596	6	83229707
3597	6	83229761
3598	6	83533043
3599	6	83616857
3600	6	84576855
3601	6	84675538
3602	6	84675560
3603	6	84675590
3604	6	84789239
3605	6	84789278
3606	6	84789286
3607	6	85194157
3608	6	85194160
3609	6	85194161
3610	6	85410480
3611	6	85588171
3612	6	85604742
3613	6	85604914
3614	6	85604916
3615	6	85604917
3616	6	85604918
3617	6	85604919
3618	6	85604920
3619	6	85604921
3620	6	85604922
3621	6	85604923
3622	6	85610904
3623	6	85611052
3624	6	85882180
3625	6	86177129
3626	6	86177140
3627	6	86335338
3628	6	86335356
3629	6	86336015
3630	6	86337066
3631	6	86337068
3632	6	86340538
3633	6	86341801
3634	6	86341827
3635	6	86341841
3636	6	86342579
3637	6	86342583
3638	6	86342584
3639	6	86342587
3640	6	86551738
3641	6	86566900
3642	6	87519347
3643	6	89463512
3644	6	91068322
3645	6	91068323
3646	6	93102921
3647	6	93442518
3648	6	93442524
3649	6	93442630
3650	6	93585631
3651	6	93882043
3652	6	95321438
3653	6	95845545
3654	6	96535397
3655	6	96878347
3656	6	96878476
3657	6	96878723
3658	6	96878760
3659	6	96878771
3660	6	96919021
3661	6	96919022
3662	6	97118316
3663	6	97320893
3664	6	97320927
3665	6	97320930
3666	6	97321069
3667	6	97321070
3668	6	97321072
3669	6	97321074
3670	6	97321075
3671	6	97321099
3672	6	97345493
3673	6	97345971
3674	6	97614794
3675	6	97614795
3676	6	97614796
3677	6	97614799
3678	6	97614802
3679	6	97614804
3680	6	97615039
3681	6	97615044
3682	6	97615045
3683	6	97946545
3684	6	97946547
3685	6	97946550
3686	6	98006935
3687	6	98007087
3688	6	98007145
3689	6	98027563
3690	6	98027567
3691	6	102548419
3692	6	102596499
3693	6	102827923
3694	6	102830592
3695	6	102830698
3696	6	103950541
3697	6	104671750
3698	6	104759153
3699	6	104980632
3700	6	105161221
3701	6	105434636
3702	6	106251721
3703	6	106289935
3704	6	106289947
3705	6	106804630
3706	6	107382269
3707	6	108197289
3708	6	109249977
3709	6	109249978
3710	6	109249980
3711	6	109249989
3712	6	110292241
3713	6	111055533
3714	6	112215613
3715	6	112215647
3716	6	112281041
3717	6	112349688
3718	6	112349719
3719	6	118195565
3720	6	118271001
3721	6	118271004
3722	6	119529306
3723	6	121216630
3724	6	121216636
3725	6	121216666
3726	6	121237357
3727	6	121237365
3728	6	122729767
3729	6	124969523
3730	6	128132658
3731	6	128469441
3732	6	128525182
3733	6	128831354
3734	6	128831357
3735	6	128831365
3736	6	129139792
3737	6	129841207
3738	6	129907819
3739	6	131141133
3740	6	132980209
3741	6	133094498
3742	6	133094500
3743	6	133094503
3744	6	133094518
3745	6	133094525
3746	6	133831726
3747	6	133834031
3748	6	133834032
3749	6	133834035
3750	6	133836167
3751	6	133836217
3752	6	134098812
3753	6	134098952
3754	6	137031128
3755	6	137305587
3756	6	137305617
3757	6	137398422
3758	6	138931211
3759	6	140002433
3760	6	140909200
3761	6	140909201
3762	6	140909377
3763	6	141077971
3764	6	141077978
3765	6	141413844
3766	6	142866713
3767	6	142866714
3768	6	142866716
3769	6	142866717
3770	6	143038177
3771	6	143297943
3772	6	144481301
3773	6	144722694
3774	6	144722904
3775	6	144722956
3776	6	145078570
3777	6	145274071
3778	6	145274073
3779	6	145275725
3780	6	145276764
3781	6	145282800
3782	6	145295076
3783	6	145295090
3784	6	145295092
3785	6	145534695
3786	6	145534707
3787	6	145534733
3788	6	145644800
3789	6	145644820
3790	6	146616183
3791	6	147727228
3792	6	147727240
3793	6	147727242
3794	6	148780162
3795	6	148780176
3796	6	148780179
3797	6	148780202
3798	6	148962661
3799	6	149124654
3800	6	149835985
3801	6	150679810
3802	6	150688083
3803	6	150749523
3804	6	150803323
3805	6	151544735
3806	6	151565743
3807	6	151565763
3808	6	151565774
3809	6	152085633
3810	6	153198366
3811	6	153261068
3812	6	153261088
3813	6	153843351
3814	6	154335131
3815	6	154976798
3816	6	155020483
3817	6	155020484
3818	6	155020485
3819	6	155020486
3820	6	155020487
3821	6	155020488
3822	6	155607723
3823	6	158471331
3824	7	1308318
3825	7	120202400
3826	7	130940546
3827	7	131395288
3828	7	132184214
3829	7	132184219
3830	7	132391221
3831	7	132594675
3832	7	132594717
3833	7	132632298
3834	7	132730498
3835	7	136330038
3836	7	141010338
3837	7	141010356
3838	7	141120401
3839	7	141428013
3840	7	141546601
3841	7	141577935
3842	7	141579262
3843	7	141586277
3844	7	141586289
3845	7	141586323
3846	7	141586419
3847	7	141586547
3848	7	141586575
3849	7	141586709
3850	7	141586714
3851	7	141586810
3852	7	141586822
3853	7	142397043
3854	7	142775085
3855	7	142782700
3856	7	143011639
3857	7	143118981
3858	7	143329645
3859	7	143397470
3860	7	143410013
3861	7	143821574
3862	7	143824733
3863	7	145729553
3864	7	145740887
3865	7	145741571
3866	7	145741845
3867	7	146498802
3868	7	146498805
3869	7	147124256
3870	7	147124261
3871	7	147124363
3872	7	147158032
3873	7	147158038
3874	7	147158051
3875	7	147196049
3876	7	147340240
3877	7	147424534
3878	7	147424906
3879	7	148130391
3880	7	148130435
3881	7	148130436
3882	7	148463457
3883	7	148464727
3884	7	148592697
3885	7	148592722
3886	7	148595549
3887	7	148619373
3888	7	148619867
3889	7	148622770
3890	7	151085458
3891	7	151085466
3892	7	151085473
3893	7	152255506
3894	7	152255509
3895	7	153221616
3896	7	154120198
3897	7	155025976
3898	7	155744825
3899	7	157895311
3900	7	158369868
3901	7	159751797
3902	7	161337537
3903	7	161438219
3904	7	161441391
3905	7	161441407
3906	7	161441408
3907	7	161612342
3908	7	161612522
3909	7	161619271
3910	7	161619273
3911	7	161619277
3912	7	161684912
3913	7	161685913
3914	7	161685914
3915	7	161686220
3916	7	161696087
3917	7	161696172
3918	7	161696206
3919	7	161806715
3920	7	161954425
3921	7	161954439
3922	7	161954534
3923	7	161954539
3924	7	162006125
3925	7	162006291
3926	7	162152704
3927	7	162198579
3928	7	162198803
3929	7	162198973
3930	7	162199028
3931	7	162202326
3932	7	162320809
3933	7	162341622
3934	7	162413532
3935	7	162673202
3936	7	162713180
3937	7	162718138
3938	7	162762970
3939	7	162762981
3940	7	162766528
3941	7	162799297
3942	7	162806805
3943	7	162810447
3944	7	162953049
3945	7	162953166
3946	7	162954706
3947	7	162954908
3948	7	162955519
3949	7	162955538
3950	7	162957561
3951	7	162957562
3952	7	162958922
3953	7	162958955
3954	7	162961600
3955	7	162961622
3956	7	162977764
3957	7	162977802
3958	7	163047587
3959	7	163055821
3960	7	163055830
3961	7	163112968
3962	7	163112979
3963	7	163114015
3964	7	163119981
3965	7	163372409
3966	7	163514889
3967	7	163575625
3968	7	163671377
3969	7	163824862
3970	7	163959646
3971	7	164072865
3972	7	164072885
3973	7	164078887
3974	7	164078888
3975	7	164079826
3976	7	164199900
3977	7	164201584
3978	7	164201589
3979	7	164201690
3980	7	164201910
3981	7	164203755
3982	7	164239280
3983	7	164468663
3984	7	164564473
3985	7	164564494
3986	7	164773325
3987	7	164788620
3988	7	164788639
3989	7	164788645
3990	7	164832432
3991	7	164832433
3992	7	164832446
3993	7	164832447
3994	7	164833162
3995	7	164833273
3996	7	164833793
3997	7	164999687
3998	7	164999692
3999	7	165012276
4000	7	165012280
4001	7	165012290
4002	7	165100092
4003	7	165196763
4004	7	165196774
4005	7	165295609
4006	7	165295610
4007	7	165301222
4008	7	165301223
4009	7	165302753
4010	7	165383765
4011	7	165383783
4012	7	165383882
4013	7	165474519
4014	7	165474521
4015	7	165474522
4016	7	165474524
4017	7	165474525
4018	7	165499282
4019	7	165501299
4020	7	165798296
4021	7	165807368
4022	7	166552948
4023	7	166856525
4024	7	166959054
4025	7	167144715
4026	7	167148950
4027	7	167151127
4028	7	167154337
4029	7	167154354
4030	7	167241549
4031	7	167342590
4032	7	167342594
4033	7	167342610
4034	7	167342615
4035	7	167342618
4036	7	167509505
4037	7	167509510
4038	7	167509524
4039	7	167711822
4040	7	167711848
4041	7	167859165
4042	7	167859167
4043	7	167859170
4044	7	167859171
4045	7	167859173
4046	7	167859174
4047	7	167859175
4048	7	167859176
4049	7	167859177
4050	7	167864764
4051	7	167864766
4052	7	167909692
4053	7	167914969
4054	7	167914972
4055	7	167914973
4056	7	167914978
4057	7	167914987
4058	7	167980007
4059	7	167980028
4060	7	167980034
4061	7	167981370
4062	7	168217761
4063	7	168217762
4064	7	170999749
4065	7	172975483
4066	8	646008
4067	8	4360478
4068	8	5604714
4069	8	22844307
4070	8	72931795
4071	8	72931801
4072	8	72931836
4073	8	73735064
4074	8	75414275
4075	8	78657061
4076	8	78657062
4077	8	78657069
4078	8	78657070
4079	8	78657074
4080	8	78657079
4081	8	79284214
4082	8	79934486
4083	8	79934487
4084	8	79934489
4085	8	80039464
4086	8	80160722
4087	8	80497153
4088	8	85866172
4089	8	85866260
4090	8	85866263
4091	8	85866264
4092	8	85866290
4093	8	87770096
4094	8	87770150
4095	8	87770152
4096	8	87770153
4097	8	97115645
4098	8	98596836
4099	8	99206600
4100	8	99225540
4101	8	100755800
4102	8	100755802
4103	8	100935633
4104	8	100958389
4105	8	100958599
4106	8	100958614
4107	8	100958618
4108	8	100958622
4109	8	100958623
4110	8	109004161
4111	8	109004179
4112	8	109004207
4113	8	109004212
4114	8	109262660
4115	8	112052980
4116	8	112052981
4117	8	112052991
4118	8	112148272
4119	8	112148275
4120	8	112148276
4121	8	112148277
4122	8	113871000
4123	8	116118308
4124	8	116778700
4125	8	116781449
4126	8	117554012
4127	8	118195962
4128	8	119934977
4129	8	120149715
4130	8	120149845
4131	8	120149854
4132	8	120149919
4133	8	120173949
4134	8	121895862
4135	8	121895871
4136	8	121895877
4137	8	122031304
4138	8	122035176
4139	8	122035191
4140	8	122151181
4141	8	122151306
4142	8	123531248
4143	8	123773420
4144	8	123773448
4145	8	123773459
4146	8	123842832
4147	8	124085471
4148	8	124356975
4149	8	124356986
4150	8	124358637
4151	8	124435356
4152	8	124645196
4153	8	124647607
4154	8	124839110
4155	8	124841185
4156	8	124841310
4157	8	124849027
4158	8	124937577
4159	8	124937588
4160	8	125114583
4161	8	125192772
4162	8	125267790
4163	8	125267794
4164	8	125268067
4165	8	126521727
4166	8	126826232
4167	8	126826263
4168	8	126958167
4169	8	126991921
4170	8	126991975
4171	8	126992006
4172	8	126992008
4173	8	126992018
4174	8	127000005
4175	8	127113443
4176	8	127342369
4177	8	127348107
4178	8	127348304
4179	8	127580244
4180	8	128428265
4181	8	128556767
4182	8	128556787
4183	8	129078131
4184	8	129123962
4185	8	129124072
4186	8	129135849
4187	8	129136738
4188	8	129136776
4189	8	129137062
4190	8	129292117
4191	8	129619648
4192	8	129938446
4193	8	129938709
4194	8	129958880
4195	8	130408780
4196	8	130409101
4197	8	130484105
4198	8	130739663
4199	8	131231411
4200	8	131530033
4201	8	131902981
4202	8	131970883
4203	8	132408596
4204	8	132408604
4205	8	132408631
4206	8	138670826
4207	8	138938949
4208	8	138938983
4209	8	139136023
4210	8	139136024
4211	8	139136025
4212	8	139136027
4213	8	139630758
4214	8	139631508
4215	8	139631509
4216	8	139631510
4217	8	139631511
4218	8	139631513
4219	8	139631517
4220	8	139631518
4221	8	139631521
4222	8	139631523
4223	8	139631524
4224	8	139631528
4225	8	139631542
4226	8	145698062
4227	8	145698076
4228	8	145974279
4229	8	146110815
4230	8	146155431
4231	8	146155471
4232	8	146155616
4233	8	146155618
4234	8	146155619
4235	8	146155620
4236	8	146155621
4237	8	146155624
4238	8	146155627
4239	8	146155628
4240	8	146155630
4241	8	146155631
4242	8	146155633
4243	8	146155635
4244	8	146155643
4245	8	146181608
4246	8	146181617
4247	8	146181627
4248	8	147097307
4249	8	147097338
4250	8	147266290
4251	8	147447293
4252	8	147497743
4253	8	147726662
4254	8	148488741
4255	8	148488753
4256	8	148669224
4257	8	150368730
4258	8	150368731
4259	8	150368752
4260	8	151270345
4261	8	151594264
4262	8	151594265
4263	8	151911979
4264	8	152131290
4265	8	152246697
4266	8	153013773
4267	8	155054632
4268	8	156724059
4269	8	157301124
4270	8	157315912
4271	8	157316276
4272	8	157316277
4273	8	157316283
4274	8	157452819
4275	8	157452827
4276	8	157454472
4277	8	157454492
4278	8	157668834
4279	8	157668851
4280	8	157668860
4281	8	157668883
4282	8	157670395
4283	8	157670403
4284	8	157670414
4285	8	157670699
4286	8	157730407
4287	8	157730409
4288	8	157730436
4289	8	158339594
4290	8	158352710
4291	8	158571274
4292	8	158571275
4293	8	158571285
4294	8	158983645
4295	8	159014083
4296	8	159014114
4297	8	159021944
4298	8	159085742
4299	8	159095026
4300	8	159255127
4301	8	159260927
4302	8	159260929
4303	8	159374146
4304	8	159374174
4305	8	159374183
4306	8	159374184
4307	8	159374191
4308	8	159374203
4309	8	159436952
4310	8	159436954
4311	8	159436959
4312	8	159436974
4313	8	159492104
4314	8	159525265
4315	8	159984772
4316	8	159985843
4317	8	159985860
4318	8	164011550
4319	8	164856206
4320	8	172197953
4321	8	172197956
4322	8	174606826
4323	9	11732448
4324	9	14316293
4325	9	14316413
4326	9	15363893
4327	9	15363900
4328	9	15363903
4329	9	15363920
4330	9	15363922
4331	9	15618072
4332	9	15618522
4333	9	15618524
4334	9	15618525
4335	9	15618526
4336	9	15977489
4337	9	15977495
4338	9	15977496
4339	9	15977497
4340	9	15977498
4341	9	15993910
4342	9	16732176
4343	9	17232498
4344	9	17316647
4345	9	17316947
4346	9	17316984
4347	9	17321322
4348	9	17397870
4349	9	17397901
4350	9	17471844
4351	9	17471854
4352	9	17471867
4353	9	17472029
4354	9	17668068
4355	9	18947338
4356	9	20312883
4357	9	20312887
4358	9	20312890
4359	9	22331239
4360	9	22331253
4361	9	27224694
4362	9	31911005
4363	9	32054277
4364	9	37263513
4365	9	37263567
4366	9	39098833
4367	9	47688741
4368	9	47688744
4369	9	48441952
4370	9	62061678
4371	9	62061683
4372	9	62196564
4373	9	62196606
4374	9	70955885
4375	9	74650413
4376	9	75875744
4377	9	75875824
4378	9	75878046
4379	9	76760176
4380	9	76760183
4381	9	76760185
4382	9	77310319
4383	9	77746197
4384	9	77746206
4385	9	78624689
4386	9	79031410
4387	9	79031430
4388	9	79031458
4389	9	79518639
4390	9	79518649
4391	9	79518682
4392	9	79518683
4393	9	79518685
4394	9	79624001
4395	9	80095803
4396	9	87463939
4397	9	87463946
4398	9	87463989
4399	9	87464132
4400	9	88589073
4401	9	88589543
4402	9	88651683
4403	9	88651684
4404	9	88651842
4405	9	103054138
4406	9	103054140
4407	9	103054141
4408	9	139856271
4409	9	140016028
4410	9	140016066
4411	9	141474965
4412	9	153415792
4413	9	153784417
4414	9	154250981
4415	9	154250994
4416	9	154251008
4417	10	4585981
4418	10	6402589
4419	10	10614929
4420	10	10882744
4421	10	10882753
4422	10	12744911
4423	10	12745080
4424	10	12751572
4425	10	12751616
4426	10	13001785
4427	10	13003437
4428	10	13011724
4429	10	13172123
4430	10	13172130
4431	10	13341090
4432	10	13341116
4433	10	13555260
4434	10	13555446
4435	10	13555470
4436	10	13556983
4437	10	13556993
4438	10	13610761
4439	10	13640988
4440	10	13640991
4441	10	13641768
4442	10	13641813
4443	10	13641907
4444	10	13646178
4445	10	14758439
4446	10	14906410
4447	10	14906411
4448	10	14976108
4449	10	14976123
4450	10	15006640
4451	10	15006643
4452	10	15006652
4453	10	15219401
4454	10	15219407
4455	10	15221294
4456	10	15221314
4457	10	15221316
4458	10	15221393
4459	10	15224040
4460	10	15233393
4461	10	15233546
4462	10	15235717
4463	10	15235775
4464	10	15235873
4465	10	15238365
4466	10	15238404
4467	10	15238405
4468	10	15238507
4469	10	15799864
4470	10	15800735
4471	10	16205646
4472	10	16205674
4473	10	16205675
4474	10	16205695
4475	10	16212019
4476	10	16212024
4477	10	16506918
4478	10	16506934
4479	10	17165311
4480	10	17886230
4481	10	17962815
4482	10	18479814
4483	10	18660560
4484	10	18664653
4485	10	18753253
4486	10	18788273
4487	10	18788277
4488	10	19031239
4489	10	19031247
4490	10	19342980
4491	10	19342994
4492	10	19372338
4493	10	19372346
4494	10	19372348
4495	10	19372350
4496	10	19372355
4497	10	19372379
4498	10	19374913
4499	10	19375083
4500	10	19375112
4501	10	19375120
4502	10	19472241
4503	10	19578348
4504	10	19578351
4505	10	19711881
4506	10	19711953
4507	10	19711968
4508	10	20108049
4509	10	20108183
4510	10	20700153
4511	10	20700154
4512	10	22095627
4513	10	22095677
4514	10	22320594
4515	10	22428459
4516	10	22428466
4517	10	22747833
4518	10	22747837
4519	10	22872553
4520	10	22872632
4521	10	22878406
4522	10	22879209
4523	10	23214091
4524	10	23358498
4525	10	24444338
4526	10	24444882
4527	10	24445036
4528	10	24473682
4529	10	25248091
4530	10	25248099
4531	10	25248113
4532	10	25323843
4533	10	25323850
4534	10	25774167
4535	10	25776496
4536	10	25776504
4537	10	26137864
4538	10	26357489
4539	10	27651162
4540	10	27651245
4541	10	28390503
4542	10	28398925
4543	10	28490137
4544	10	28490144
4545	10	28602000
4546	10	29537144
4547	10	29537222
4548	10	29537238
4549	10	33349081
4550	10	33350317
4551	10	33407700
4552	10	33407715
4553	10	33772181
4554	10	34023612
4555	10	34023631
4556	10	34023657
4557	10	35032534
4558	10	35032545
4559	10	35032553
4560	10	35032580
4561	10	41655332
4562	10	41655364
4563	10	43877032
4564	10	46233731
4565	10	46663049
4566	10	46663052
4567	10	50282605
4568	10	50365487
4569	10	50595158
4570	10	50606435
4571	10	52306985
4572	10	52749476
4573	10	53192866
4574	10	53500417
4575	10	53829875
4576	10	54171742
4577	10	58353602
4578	10	58610951
4579	10	58611154
4580	10	59115320
4581	10	59115322
4582	10	59124546
4583	10	59124547
4584	10	59124550
4585	10	59249609
4586	10	59249611
4587	10	59354222
4588	10	59354225
4589	10	59439403
4590	10	59447672
4591	10	59447762
4592	10	59507562
4593	10	59507566
4594	10	59510144
4595	10	59516058
4596	10	59516061
4597	10	59516089
4598	10	59706635
4599	10	59706660
4600	10	60146555
4601	10	60342449
4602	10	60402907
4603	10	61030965
4604	10	61031242
4605	10	61493404
4606	10	61493417
4607	10	61493431
4608	10	61493432
4609	10	61493456
4610	10	61493461
4611	10	61680205
4612	10	62943871
4613	10	63031215
4614	10	63031407
4615	10	63031422
4616	10	63031423
4617	10	63031424
4618	10	64484755
4619	10	64484758
4620	10	64484785
4621	10	64644114
4622	10	65477626
4623	10	65622511
4624	10	65622759
4625	10	65622760
4626	10	65738538
4627	10	65740824
4628	10	65749673
4629	10	66016543
4630	10	66016554
4631	10	66639391
4632	10	66869511
4633	10	66872612
4634	10	66872715
4635	10	66902826
4636	10	68356668
4637	10	69430207
4638	10	69430367
4639	10	69431925
4640	10	69509269
4641	10	69509273
4642	10	69509285
4643	10	70275926
4644	10	70276055
4645	10	70538553
4646	10	71160295
4647	10	71160312
4648	10	71160340
4649	10	71666238
4650	10	71666239
4651	10	71666240
4652	10	71666241
4653	10	71671963
4654	10	72772491
4655	10	72772497
4656	10	72772687
4657	10	72985472
4658	10	73216358
4659	10	73217598
4660	10	73217716
4661	10	73217717
4662	10	73217736
4663	10	73279764
4664	10	77448681
4665	10	77453400
4666	10	77676215
4667	10	77676222
4668	10	77676225
4669	10	77676226
4670	10	77677299
4671	10	77758953
4672	10	78056279
4673	10	78056481
4674	10	78095057
4675	10	78095081
4676	10	78132428
4677	10	78319275
4678	10	78319324
4679	10	78319364
4680	10	78372970
4681	10	78378659
4682	10	78378675
4683	10	79271881
4684	10	79273237
4685	10	79273238
4686	10	79273371
4687	10	79371350
4688	10	79753459
4689	10	79941270
4690	10	79941314
4691	10	79941780
4692	10	79941820
4693	10	79986347
4694	10	79986465
4695	10	79986493
4696	10	79986494
4697	10	79986496
4698	10	79986497
4699	10	80042134
4700	10	80042232
4701	10	80042237
4702	10	80042254
4703	10	80043411
4704	10	80045428
4705	10	80046012
4706	10	80046029
4707	10	80046056
4708	10	80046057
4709	10	80046077
4710	10	80051396
4711	10	80394235
4712	10	80394247
4713	10	80490445
4714	10	80520203
4715	10	80614249
4716	10	89984330
4717	10	89984353
4718	10	91480586
4719	10	95692145
4720	10	106248373
4721	10	106248406
4722	10	106960461
4723	10	108061501
4724	10	108102986
4725	10	108102988
4726	10	109000151
4727	10	109019984
4728	10	109020018
4729	10	109020077
4730	10	109020084
4731	10	109020086
4732	10	109237797
4733	10	109899546
4734	10	110199148
4735	10	111353963
4736	10	111353986
4737	10	111354002
4738	10	111354005
4739	10	111354006
4740	10	111354007
4741	10	111354009
4742	10	111354010
4743	10	111354011
4744	10	111354013
4745	10	111354015
4746	10	111354018
4747	10	111354019
4748	10	113167202
4749	10	113167579
4750	10	113511568
4751	10	113652010
4752	10	113923436
4753	10	113942207
4754	10	113980767
4755	10	113980778
4756	10	114532696
4757	10	114836472
4758	10	114852934
4759	10	114959208
4760	10	114959241
4761	10	115122619
4762	10	115743177
4763	10	116227299
4764	10	116450442
4765	10	116450453
4766	10	116450618
4767	10	116450633
4768	10	116803283
4769	10	116803284
4770	10	116803285
4771	10	116803722
4772	10	116865204
4773	10	116866158
4774	10	116866338
4775	10	116894817
4776	10	117027697
4777	10	117027700
4778	10	117574622
4779	10	117575296
4780	10	117615758
4781	10	117615774
4782	10	117623693
4783	10	117623705
4784	10	117902615
4785	10	117920679
4786	10	117995480
4787	10	117995547
4788	10	117995592
4789	10	117995791
4790	10	118151394
4791	10	118370129
4792	10	118821008
4793	10	118927374
4794	10	118928464
4795	10	118928470
4796	10	118928485
4797	10	118968671
4798	10	118968674
4799	10	118987403
4800	10	119414862
4801	10	119980375
4802	10	119980376
4803	10	120282608
4804	10	122802154
4805	10	123297739
4806	10	123297756
4807	10	123814731
4808	10	124062127
4809	10	124064190
4810	10	124064193
4811	10	124064198
4812	10	124064199
4813	10	124064200
4814	10	124064204
4815	10	124064221
4816	10	124095135
4817	10	124095144
4818	10	124098147
4819	10	124183570
4820	10	124323765
4821	10	124329930
4822	10	124330053
4823	10	124332040
4824	10	124333672
4825	10	124337322
4826	10	124337361
4827	10	124444528
4828	10	124525815
4829	10	124525830
4830	10	124526050
4831	10	124526342
4832	10	125108907
4833	10	125195918
4834	10	125650586
4835	10	125845565
4836	10	125847410
4837	10	125850079
4838	10	125850158
4839	10	125950909
4840	10	128022035
4841	10	128022036
4842	10	130307616
4843	10	144913800
4844	10	146336001
4845	10	147385989
4846	10	147405087
4847	10	147706534
4848	10	148513275
